Average electricity cost assumption: 0.05 USD/kWh,,,,,,,
Timestamp,Date and Time,"power MAX, GW","power MIN, GW","power GUESS, GW","annualised consumption MAX, TWh","annualised consumption MIN, TWh","annualised consumption GUESS, TWh"
1279411200,2010-07-18T00:00:00,0.00018626759999999999,1.5677523e-05,9.390991499999999e-05,0.0016328217816,0.00013742916661799997,0.00082321431489
1279497600,2010-07-19T00:00:00,0.00018734999999999997,1.5768625e-05,9.445562499999999e-05,0.0016423101,0.00013822776674999996,0.00082799800875
1279584000,2010-07-20T00:00:00,0.000190238,1.6011698333333332e-05,9.591165833333333e-05,0.001667626308,0.00014035854759,0.00084076159695
1279670400,2010-07-21T00:00:00,0.00019872119999999997,1.6725701e-05,0.000100188605,0.0017419900392000001,0.000146617494966,0.0008782533114300001
1279756800,2010-07-22T00:00:00,0.00019709664,1.65889672e-05,9.9369556e-05,0.00172774914624,0.0001454188864752,0.0008710735278960001
1279843200,2010-07-23T00:00:00,0.00019926259999999998,1.6771268833333333e-05,0.00010046156083333333,0.0017467359516,0.000147016942593,0.0008806460422650001
1279929600,2010-07-24T00:00:00,0.00020003605714285713,1.6836368142857144e-05,0.00010085151214285714,0.0017535160769142858,0.00014758760314028573,0.0008840643554442857
1280016000,2010-07-25T00:00:00,0.00020916360000000002,1.7604603e-05,0.00010053945,0.0018335281176000001,0.00015432194989799998,0.0008813288187000001
1280102400,2010-07-26T00:00:00,0.00021983845714285713,1.850307014285714e-05,0.00010075221357142858,0.0019271039153142856,0.00016219791287228573,0.0008831939041671431
1280188800,2010-07-27T00:00:00,0.0002259558857142857,1.9017953714285715e-05,9.91449957142857e-05,0.001980729294171428,0.00016671138225942856,0.0008691050324314286
1280275200,2010-07-28T00:00:00,0.00022702131428571425,1.9107627285714286e-05,9.513229785714286e-05,0.0019900688410285712,0.00016749746078657143,0.0008339297230157144
1280361600,2010-07-29T00:00:00,0.0002372532,1.9968810999999998e-05,9.514009214285713e-05,0.0020797615512,0.000175046597226,0.0008339980477242856
1280448000,2010-07-30T00:00:00,0.0002451164571428571,2.0630635142857142e-05,9.389647142857143e-05,0.0021486908633142855,0.00018084814766228572,0.0008230964685428571
1280534400,2010-07-31T00:00:00,0.0002581237714285714,2.1725417428571424e-05,9.464538285714287e-05,0.002262712980342857,0.00019044500917885713,0.0008296614261257142
1280620800,2010-08-01T00:00:00,0.0002721255428571428,2.2903899857142858e-05,9.977936571428573e-05,0.0023854525086857144,0.00020077558614771426,0.0008746659198514286
1280707200,2010-08-02T00:00:00,0.00028489508571428573,2.397866971428571e-05,0.00010446153142857142,0.0024973903213714285,0.00021019701871542856,0.0009157097845028572
1280793600,2010-08-03T00:00:00,0.0002980172571428571,2.508311914285714e-05,0.0001092729942857143,0.0026124192761142855,0.00021987862240628573,0.0009578870679085715
1280880000,2010-08-04T00:00:00,0.0003154988571428571,2.655448714285714e-05,0.0001156829142857143,0.0027656629817142857,0.00023277663429428574,0.0010140764266285715
1280966400,2010-08-05T00:00:00,0.00032662679999999995,2.7491089000000002e-05,0.00011976316000000002,0.0028632105287999996,0.00024098688617399998,0.0010498438605600002
1281052800,2010-08-06T00:00:00,0.0003328656,2.8016188e-05,0.00012205072000000001,0.0029178998495999996,0.000245589904008,0.00106989661152
1281139200,2010-08-07T00:00:00,0.00033713468571428565,2.8375502714285715e-05,0.00012361605142857145,0.002955322654971428,0.00024873965679342855,0.0010836183068228572
1281225600,2010-08-08T00:00:00,0.0003471162857142857,2.9215620714285713e-05,0.00012727597142857144,0.0030428213605714284,0.00025610413118142857,0.0011157011655428572
1281312000,2010-08-09T00:00:00,0.00035377268571428573,2.9775867714285717e-05,0.00012971665142857142,0.0031011713629714283,0.0002610152563834286,0.0011370961664228572
1281398400,2010-08-10T00:00:00,0.0003638508,3.0624109e-05,0.00013341196,0.0031895161127999997,0.000268450939494,0.0011694892413600002
1281484800,2010-08-11T00:00:00,0.0003832033714285714,3.225295042857143e-05,0.00014050790285714286,0.0033591607539428564,0.0002827293634568572,0.0012316922764457146
1281571200,2010-08-12T00:00:00,0.00039973765714285716,3.364458614285715e-05,0.00014657047428571433,0.0035041003025142853,0.0002949284421282857,0.0012848367775885716
1281657600,2010-08-13T00:00:00,0.0004201446857142857,3.5362177714285715e-05,0.00015405305142857144,0.0036829883149714286,0.00030998484984342856,0.0013504290488228572
1281744000,2010-08-14T00:00:00,0.00045795771428571434,3.854477428571429e-05,0.0001679178285714286,0.004014457323428572,0.00033788349138857147,0.0014719676852571427
1281830400,2010-08-15T00:00:00,0.00046770342857142854,3.9365038571428576e-05,0.00017149125714285715,0.004099888254857143,0.0003450739281171429,0.0015032923601142859
1281916800,2010-08-16T00:00:00,0.0004747935428571428,3.996178985714285e-05,0.00017409096571428573,0.004162040196685714,0.00035030504988771427,0.0015260814054514286
1282003200,2010-08-17T00:00:00,0.00047373342857142856,3.987256357142857e-05,0.00017370225714285714,0.0041527472348571424,0.00034952289226714293,0.001522673986114286
1282089600,2010-08-18T00:00:00,0.00046181348571428573,3.886930171428572e-05,0.00016933161142857145,0.004048257015771428,0.0003407282988274286,0.0014843609057828572
1282176000,2010-08-19T00:00:00,0.00045556731428571424,3.834358228571429e-05,0.00016704134857142857,0.003993503077028571,0.00033611984231657143,0.0014642844615771428
1282262400,2010-08-20T00:00:00,0.00047521645714285714,3.999738514285714e-05,0.00017424603428571432,0.004165747463314285,0.00035061707816228573,0.0015274407365485716
1282348800,2010-08-21T00:00:00,0.0004663364571428572,3.9249985142857146e-05,0.00017099003428571428,0.004087905383314285,0.0003440653697622857,0.0014988986405485717
1282435200,2010-08-22T00:00:00,0.0004893277714285714,4.1185087428571435e-05,0.00017942018285714288,0.004289447244342858,0.00036102847639885716,0.0015727973229257145
1282521600,2010-08-23T00:00:00,0.0005181118285714286,4.3607745571428574e-05,0.00018997433714285715,0.004541768289257143,0.00038226549767914286,0.0016653150393942857
1282608000,2010-08-24T00:00:00,0.0005556183428571429,4.6764543857142855e-05,0.00020372672571428575,0.004870550393485715,0.0004099379914517142,0.0017858684776114286
1282694400,2010-08-25T00:00:00,0.0005918165142857143,4.981122328571429e-05,0.0002169993885714286,0.005187863564228572,0.0004366451833225714,0.001902216640217143
1282780800,2010-08-26T00:00:00,0.0006258572571428572,5.267631914285714e-05,0.0002294809942857143,0.005486264716114285,0.00046176061360628576,0.0020116303959085715
1282867200,2010-08-27T00:00:00,0.0006325270285714287,5.3237691571428574e-05,0.00023192657714285713,0.0055447319324571425,0.00046668160431514283,0.002033068375234286
1282953600,2010-08-28T00:00:00,0.0006473879999999999,5.448849e-05,0.0002373756,0.005675003208,0.00047764610334000005,0.0020808345096000004
1283040000,2010-08-29T00:00:00,0.0006409904571428572,5.395003014285715e-05,0.0002350298342857143,0.005618922347314286,0.0004729259642322858,0.0020602715273485717
1283126400,2010-08-30T00:00:00,0.0006272506285714286,5.279359457142858e-05,0.00022999189714285716,0.005498479010057142,0.00046278865001314287,0.002016108970354286
1283212800,2010-08-31T00:00:00,0.0005432592514285715,5.312868371428571e-05,0.0002045711642857143,0.004762210598022857,0.0004657260414394287,0.0017932708261285718
1283299200,2010-09-01T00:00:00,0.00045739741714285716,5.2219828e-05,0.00017767570857142858,0.0040095457586742855,0.00045775901224800005,0.0015575052613371432
1283385600,2010-09-02T00:00:00,0.00037276765714285714,5.137442914285714e-05,0.0001512027942857143,0.0032676812825142855,0.0004503482458662857,0.0013254436947085716
1283472000,2010-09-03T00:00:00,0.00029063871428571425,5.106144457142858e-05,0.00012588059,0.0025477389694285716,0.00044760462311314284,0.00110346925194
1283558400,2010-09-04T00:00:00,0.00020994413142857142,5.155328571428571e-05,0.0001015810242857143,0.0018403702561028568,0.0004519161025714285,0.0008904592588885716
1283644800,2010-09-05T00:00:00,0.00013264945714285713,5.168742814285714e-05,7.806060428571429e-05,0.0011628051413142856,0.0004530919951002857,0.0006842792571685716
1283731200,2010-09-06T00:00:00,6.188892e-05,5.2089840999999996e-05,5.6731510000000005e-05,0.00054251827272,0.000456619546206,0.00049730841666
1283817600,2010-09-07T00:00:00,6.061395428571428e-05,5.101674485714286e-05,5.5562791428571436e-05,0.0005313419232685715,0.00044721278541771426,0.00048706342966285725
1283904000,2010-09-08T00:00:00,6.210670285714285e-05,5.2273141571428563e-05,5.69311442857143e-05,0.0005444273572457142,0.0004582263590151428,0.0004990584108085714
1283990400,2010-09-09T00:00:00,6.202073142857143e-05,5.220078228571429e-05,5.685233714285714e-05,0.0005436737317028572,0.00045759205751657147,0.0004983675873942858
1284076800,2010-09-10T00:00:00,6.406128e-05,5.391824400000001e-05,5.872284e-05,0.00056156118048,0.00047264732690400005,0.00051476441544
1284163200,2010-09-11T00:00:00,6.416597142857142e-05,5.400635928571429e-05,5.881880714285715e-05,0.0005624789055428571,0.00047341974549857145,0.0005156056634142858
1284249600,2010-09-12T00:00:00,6.615339428571428e-05,5.567910685714285e-05,6.064061142857144e-05,0.0005799006543085714,0.0004880830507097143,0.0005315755997828572
1284336000,2010-09-13T00:00:00,6.814818857142856e-05,5.735805871428572e-05,6.246917285714287e-05,0.0005973870210171428,0.0005028007426894286,0.0005476047692657143
1284422400,2010-09-14T00:00:00,7.198073142857142e-05,6.058378228571429e-05,6.598233714285715e-05,0.0006309830917028571,0.0005310774355165715,0.0005784011673942858
1284508800,2010-09-15T00:00:00,7.241439428571428e-05,6.094878185714286e-05,6.637986142857144e-05,0.0006347845803085714,0.0005342770217597143,0.0005818858652828573
1284595200,2010-09-16T00:00:00,7.751742857142857e-05,6.524383571428571e-05,7.105764285714287e-05,0.0006795177788571429,0.0005719274638714286,0.0006228912972857144
1284681600,2010-09-17T00:00:00,7.940069142857143e-05,6.682891528571429e-05,7.278396714285714e-05,0.000696026461062857,0.0005858222713945714,0.0006380242559742858
1284768000,2010-09-18T00:00:00,8.407846285714285e-05,7.076603957142858e-05,7.70719242857143e-05,0.0007370318054057142,0.0006203351028831428,0.0006756124882885715
1284854400,2010-09-19T00:00:00,8.932335428571428e-05,7.518048985714287e-05,8.187974142857143e-05,0.0007830085236685713,0.0006590321740877143,0.0007177578133628572
1284940800,2010-09-20T00:00:00,9.481275428571428e-05,7.980073485714286e-05,8.691169142857143e-05,0.0008311286040685714,0.0006995332417577143,0.0007618678870628571
1285027200,2010-09-21T00:00:00,9.59334857142857e-05,8.074401714285713e-05,8.793902857142856e-05,0.0008409529357714286,0.0007078020542742857,0.0007708735244571429
1285113600,2010-09-22T00:00:00,9.92761542857143e-05,8.355742985714285e-05,9.100314142857145e-05,0.0008702547684685715,0.0007324644301277143,0.0007977335377628572
1285200000,2010-09-23T00:00:00,0.00010427422285714287,8.776413757142857e-05,9.558470428571429e-05,0.0009140678375657142,0.0007693404299511428,0.0008378955177685716
1285286400,2010-09-24T00:00:00,0.00010947118285714285,9.213824557142858e-05,0.0001003485842857143,0.0009596243889257143,0.0008076838606791429,0.0008796556898485716
1285372800,2010-09-25T00:00:00,0.00011126393142857143,9.364714228571429e-05,0.00010199193714285715,0.0009753396229028572,0.0008209108492765714,0.0008940613209942858
1285459200,2010-09-26T00:00:00,0.00011130037714285714,9.367781742857144e-05,0.00010202534571428572,0.0009756591060342858,0.0008211797475788571,0.0008943541805314287
1285545600,2010-09-27T00:00:00,0.00011333403428571429,9.538947885714285e-05,0.00010388953142857144,0.0009934861445485713,0.0008361841716617143,0.0009106956325028573
1285632000,2010-09-28T00:00:00,0.00011772653142857143,9.90864972857143e-05,0.00010791598714285716,0.001031990774502857,0.0008685922352065715,0.0009459915432942857
1285718400,2010-09-29T00:00:00,0.00012254631428571428,0.00010314314785714286,0.00011233412142857145,0.0010742409910285712,0.0009041528341157143,0.0009847209084428573
1285804800,2010-09-30T00:00:00,0.00012065050285714285,0.00010154750657142857,0.0001105962942857143,0.0010576223080457142,0.0008901654426051428,0.0009694871157085715
1285891200,2010-10-01T00:00:00,0.00012012301714285714,0.00010110353942857143,0.00011011276571428573,0.0010529983682742855,0.0008862736266308572,0.0009652485042514286
1285977600,2010-10-02T00:00:00,0.00011516982857142856,9.693460571428571e-05,0.00010557234285714288,0.001009578717257143,0.0008497287536914286,0.0009254471574857143
1286064000,2010-10-03T00:00:00,0.00011284530857142858,9.497813471428572e-05,0.00010344153285714286,0.0009892019749371428,0.0008325783289054286,0.0009067684770257144
1286150400,2010-10-04T00:00:00,0.00011212719428571429,9.437372185714287e-05,0.00010278326142857144,0.0009829069851085715,0.0008272800457997144,0.0009009980696828573
1286236800,2010-10-05T00:00:00,0.00010844076,9.1270973e-05,9.940403e-05,0.0009505917021599999,0.000800081349318,0.0008713757269800001
1286323200,2010-10-06T00:00:00,0.00010922744571428571,9.193310014285714e-05,0.00010012515857142859,0.0009574877891314285,0.0008058855558522859,0.0008776971400371429
1286409600,2010-10-07T00:00:00,0.00011080062857142857,9.325719571428571e-05,0.00010156724285714288,0.0009712783100571428,0.0008174925776314285,0.0008903384508857144
1286496000,2010-10-08T00:00:00,0.00011080062857142855,9.325719571428573e-05,0.00010156724285714286,0.0009712783100571428,0.0008174925776314285,0.0008903384508857144
1286582400,2010-10-09T00:00:00,0.00011731827428571428,9.874288085714284e-05,0.00010754175142857143,0.0010284119923885714,0.0008655800935937144,0.0009427109930228572
1286668800,2010-10-10T00:00:00,0.00012361127999999997,0.00010403949399999999,0.00011331034,0.0010835764804800001,0.000912010204404,0.0009932784404400002
1286755200,2010-10-11T00:00:00,0.00012428550857142856,0.00010460696971428571,0.00011392838285714288,0.0010894867681371428,0.0009169846965154286,0.0009986962041257143
1286841600,2010-10-12T00:00:00,0.0001281564,0.00010786497,0.00011747670000000002,0.0011234190024000002,0.00094554432702,0.0010298007522
1286928000,2010-10-13T00:00:00,0.00012960857142857142,0.00010908721428571429,0.00011880785714285716,0.0011361487371428572,0.0009562585204285714,0.001041469675714286
1287014400,2010-10-14T00:00:00,0.00013570234285714285,0.00011421613857142859,0.0001243938142857143,0.0011895667374857144,0.001001218670717143,0.0010904361760285717
1287100800,2010-10-15T00:00:00,0.00013918234285714286,0.00011714513857142856,0.0001275838142857143,0.0012200724174857142,0.0010268942847171429,0.0011183997160285717
1287187200,2010-10-16T00:00:00,0.00015172491428571425,0.00012770180285714286,0.00013908117142857144,0.0013300205986285715,0.0011194340038457144,0.0012191855487428574
1287273600,2010-10-17T00:00:00,0.00016342902857142857,0.00013755276571428572,0.00014980994285714288,0.0014326188644571429,0.0012057875442514287,0.0013132339590857143
1287360000,2010-10-18T00:00:00,0.00017480211428571427,0.00014712511285714286,0.00016023527142857143,0.0015323153338285714,0.0012896987393057145,0.0014046223893428573
1287446400,2010-10-19T00:00:00,0.00018683485714285716,0.00015725267142857144,0.0001712652857142857,0.0016377943577142856,0.001378476917742857,0.0015013114945714287
1287532800,2010-10-20T00:00:00,0.00019716891428571428,0.00016595050285714286,0.00018073817142857143,0.0017283827026285715,0.001454722108045714,0.0015843508107428572
1287619200,2010-10-21T00:00:00,0.00020453022857142857,0.00017214627571428574,0.00018748604285714286,0.0017929119836571426,0.0015090342529114286,0.0016435026516857143
1287705600,2010-10-22T00:00:00,0.00021194742857142857,0.0001783890857142857,0.0001942851428571429,0.0018579311588571429,0.0015637587253714287,0.0017031035622857142
1287792000,2010-10-23T00:00:00,0.00021369839999999996,0.00017986282,0.0001958902,0.0018732801743999998,0.0015766774801199998,0.0017171734932000002
1287878400,2010-10-24T00:00:00,0.0002195341714285714,0.0001847745942857143,0.00020123965714285717,0.001924436546742857,0.0016197340935085714,0.001764066834514286
1287964800,2010-10-25T00:00:00,0.00022746994285714287,0.00019145386857142858,0.0002085141142857143,0.001994001519085714,0.0016782846118971427,0.0018278347258285715
1288051200,2010-10-26T00:00:00,0.00024154268571428567,0.0002032984271428571,0.00022141412857142856,0.002117363182971428,0.0017821140123342857,0.001940916251057143
1288137600,2010-10-27T00:00:00,0.0002495482285714286,0.00021003642571428572,0.0002287525428571429,0.0021875397716571428,0.0018411793078114288,0.002005244790685714
1288224000,2010-10-28T00:00:00,0.00025821977142857143,0.00021733497428571427,0.00023670145714285717,0.0022635545163428574,0.0019051583845885714,0.002074924973314286
1288310400,2010-10-29T00:00:00,0.00027085594285714286,0.00022797041857142855,0.0002482846142857143,0.002374323195085714,0.0019983886891971427,0.0021764629288285714
1288396800,2010-10-30T00:00:00,0.0002861622857142857,0.00024085325714285716,0.0002623154285714286,0.0025084985965714286,0.0021113196521142857,0.002299457046857143
1288483200,2010-10-31T00:00:00,0.0002957809714285714,0.00024894898428571427,0.0002711325571428572,0.002592815995542857,0.0021822867962485713,0.0023767479959142857
1288569600,2010-11-01T00:00:00,0.0003052388571428572,0.00025690937142857143,0.00027980228571428573,0.0026757238217142857,0.0022520675499428573,0.002452746836571429
1288656000,2010-11-02T00:00:00,0.00030747411428571426,0.00025879071285714284,0.00028185127142857147,0.002695318085828571,0.0022685593889057143,0.002470708245342857
1288742400,2010-11-03T00:00:00,0.00031852577142857136,0.0002680925242857143,0.0002919819571428572,0.002792196912342857,0.0023500990678885715,0.002559513836314286
1288828800,2010-11-04T00:00:00,0.0003313769142857143,0.00027890890285714286,0.00030376217142857143,0.002904850030628571,0.002444915442445714,0.0026627791947428574
1288915200,2010-11-05T00:00:00,0.00034823794285714283,0.00029310026857142863,0.0003192181142857143,0.003052653807085714,0.002569316954297143,0.0027982659898285714
1289001600,2010-11-06T00:00:00,0.0003583196571428571,0.00030158571142857143,0.0003284596857142858,0.003141030114514285,0.0026437003463828574,0.002879277604971429
1289088000,2010-11-07T00:00:00,0.0003746547428571429,0.0003153344085714286,0.00034343351428571436,0.0032842234758857143,0.002764221425537143,0.0030105381862285717
1289174400,2010-11-08T00:00:00,0.0004004748,0.00033706629000000005,0.00036710190000000003,0.0035105620967999995,0.00295472309814,0.0032180152554000005
1289260800,2010-11-09T00:00:00,0.00042260297142857143,0.00035569083428571433,0.00038738605714285716,0.003704537647542857,0.0031179858533485717,0.003395826176914286
1289347200,2010-11-10T00:00:00,0.00045101879999999997,0.00037960749,0.0004134339,0.0039536308008,0.0033276392573400003,0.0036241615674
1289433600,2010-11-11T00:00:00,0.0004827216,0.00040629068,0.00044249480000000004,0.004231537545600001,0.00356154410088,0.0038789094168000006
1289520000,2010-11-12T00:00:00,0.0004903532571428572,0.0004127139914285715,0.0004494904857142858,0.004298436652114286,0.0036178508488628573,0.003940233597771429
1289606400,2010-11-13T00:00:00,0.0005191234285714285,0.00043692888571428577,0.00047586314285714287,0.004550635974857143,0.0038301186121714285,0.0041714163102857145
1289692800,2010-11-14T00:00:00,0.0005545909714285714,0.0004667807342857143,0.0005083750571428572,0.0048615444555428575,0.004091799916748571,0.0044564157509142865
1289779200,2010-11-15T00:00:00,0.0005594521714285714,0.0004708722442857143,0.0005128311571428572,0.004904157734742857,0.004127666093408572,0.004495477923514285
1289865600,2010-11-16T00:00:00,0.0005671090285714285,0.0004773167657142857,0.0005198499428571429,0.004971277744457143,0.004184158768251429,0.004557004599085715
1289952000,2010-11-17T00:00:00,0.0005841183428571429,0.0004916329385714286,0.0005354418142857144,0.005120381393485714,0.004309654339517142,0.0046936829440285726
1290038400,2010-11-18T00:00:00,0.0006081426857142857,0.0004295247777142858,0.0005275758400000001,0.005330978782971428,0.0037652142014434286,0.0046247298134399996
1290124800,2010-11-19T00:00:00,0.0006305881714285714,0.00038192525242857145,0.0005240121700000001,0.005527735910742856,0.003347956762788857,0.0045934906822200005
1290211200,2010-11-20T00:00:00,0.0006122622857142856,0.00031508117271428573,0.0004885461900000001,0.0053670911965714285,0.0027620015600134285,0.004282595901540001
1290297600,2010-11-21T00:00:00,0.0005952238285714286,0.00023868200242857144,0.0004503981271428572,0.005217732081257142,0.002092286433288857,0.003948189982534286
1290384000,2010-11-22T00:00:00,0.0006132927428571429,0.00018163632228571433,0.0004407305885714287,0.005376124183885714,0.0015922240011565713,0.003863444339417143
1290470400,2010-11-23T00:00:00,0.0006190623428571428,0.00012443393342857144,0.0004234899114285715,0.005426700497485713,0.001090787860434857,0.0037123125635828576
1290556800,2010-11-24T00:00:00,0.0006271547999999999,5.2785529000000004e-05,0.00040242433000000006,0.005497638976799999,0.00046271794721399997,0.0035276516767800002
1290643200,2010-11-25T00:00:00,0.0006243877714285714,5.255263742857143e-05,0.00040064882,0.005473383204342856,0.00046067641969885714,0.0035120875561200004
1290729600,2010-11-26T00:00:00,0.0006501356571428571,5.471975114285714e-05,0.00041717038,0.005699089170514285,0.00047967333851828574,0.0036569155510800004
1290816000,2010-11-27T00:00:00,0.0006875873142857142,5.7871932285714294e-05,0.0004412018600000001,0.006027390397028571,0.0005073053584165714,0.00386757550476
1290902400,2010-11-28T00:00:00,0.0007063129714285713,5.944800842857142e-05,0.00045321749000000006,0.006191539507542857,0.0005211212418848571,0.003972904517340001
1290988800,2010-11-29T00:00:00,0.0007332313714285713,6.171364042857143e-05,0.00047049012999999997,0.006427506201942858,0.0005409817719968571,0.00412431647958
1291075200,2010-11-30T00:00:00,0.0007751898857142857,6.524514871428571e-05,0.0004974135100000001,0.006795314538171429,0.0005719389736294286,0.00436032682866
1291161600,2010-12-01T00:00:00,0.0008010329142857142,6.742027028571429e-05,0.00051399612,0.00702185452662857,0.0005910060893245713,0.004505689987920001
1291248000,2010-12-02T00:00:00,0.0008245352571428571,6.939838414285715e-05,0.0005290767900000001,0.007227876064114285,0.0006083462353962857,0.00463788714114
1291334400,2010-12-03T00:00:00,0.0008411187428571428,7.079416085714285e-05,0.00053971786,0.007373246899885714,0.0006205816140737142,0.00473116676076
1291420800,2010-12-04T00:00:00,0.0008934308571428571,7.519709714285715e-05,0.0005732847999999999,0.007831814893714284,0.0006591777535542859,0.005025414556800001
1291507200,2010-12-05T00:00:00,0.0009573085714285714,8.057347142857144e-05,0.000614273,0.008391766937142857,0.0007063070505428571,0.005384717118
1291593600,2010-12-06T00:00:00,0.001000911257142857,8.424336414285714e-05,0.00064225139,0.008773988080114285,0.0007384773300762856,0.0056299756847400005
1291680000,2010-12-07T00:00:00,0.0010415561142857143,8.766430628571427e-05,0.0006683318400000001,0.00913028089782857,0.0007684653089005714,0.005858596909439999
1291766400,2010-12-08T00:00:00,0.0010759764,9.056134700000001e-05,0.00069041819,0.0094320091224,0.000793860767802,0.00605220585354
1291852800,2010-12-09T00:00:00,0.001104694457142857,9.297845014285716e-05,0.00070884561,0.009683751611314285,0.0008150490939522857,0.00621374061726
1291939200,2010-12-10T00:00:00,0.0011280666857142858,9.494561271428571e-05,0.00072384279,0.009888632566971426,0.0008322932410534285,0.00634520589714
1292025600,2010-12-11T00:00:00,0.0011531374285714286,9.705573357142858e-05,0.0007399298500000001,0.010108402698857141,0.0008507905604871428,0.0064862250651
1292112000,2010-12-12T00:00:00,0.0011671481142857142,9.82349662857143e-05,0.0007489200400000001,0.01023122036982857,0.0008611277144605715,0.00656503307064
1292198400,2010-12-13T00:00:00,0.0011484588,9.666194899999999e-05,0.00073692773,0.010067389840799999,0.0008473386449340001,0.006459908481180001
1292284800,2010-12-14T00:00:00,0.0011624694857142856,9.784118171428572e-05,0.0007459179200000001,0.010190207511771427,0.0008576757989074286,0.006538716486720002
1292371200,2010-12-15T00:00:00,0.0012032703428571428,0.00010127525385714285,0.0007720984700000001,0.010547867825485713,0.0008877788753117143,0.006768215188020001
1292457600,2010-12-16T00:00:00,0.0012257597142857142,0.00010316810928571429,0.0007865291500000002,0.01074500965542857,0.0009043716459985714,0.006894714528900002
1292544000,2010-12-17T00:00:00,0.0012455967428571426,0.00010483772585714285,0.0007992579100000001,0.010918901047885714,0.0009190075048637142,0.007006294839060001
1292630400,2010-12-18T00:00:00,0.0012309792,0.00010360741599999999,0.0007898783200000001,0.010790763667199998,0.0009082226086559999,0.0069240733531200005
1292716800,2010-12-19T00:00:00,0.0012445511999999998,0.00010474972600000001,0.00079858702,0.0109097358192,0.000918236098116,0.00700041381732
1292803200,2010-12-20T00:00:00,0.001263344742857143,0.00010633151585714287,0.00081064621,0.011074480015885712,0.0009321020680037143,0.00710612467686
1292889600,2010-12-21T00:00:00,0.0012964836,0.000109120703,0.0008319103100000001,0.011364975237599998,0.000956552082498,0.007292525777459999
1292976000,2010-12-22T00:00:00,0.0012856287428571428,0.00010820708585714285,0.00082494511,0.011269821559885715,0.0009485433146237144,0.007231468834260001
1293062400,2010-12-23T00:00:00,0.0012839761714285715,0.00010806799442857142,0.0008238847100000001,0.011255335118742856,0.0009473240391608571,0.0072221733678599995
1293148800,2010-12-24T00:00:00,0.0012933361714285714,0.00010885579442857144,0.0008298907100000001,0.011337384878742857,0.0009542298939608573,0.00727482196386
1293235200,2010-12-25T00:00:00,0.0013326017142857142,0.0001121606442857143,0.0008550861,0.011681586627428572,0.0009832002078085714,0.0074956847526
1293321600,2010-12-26T00:00:00,0.001319465142857143,0.00011105498285714287,0.0008466568,0.011566431442285714,0.0009735079797257145,0.007421793508800001
1293408000,2010-12-27T00:00:00,0.0013583502857142855,0.00011432781571428571,0.0008716081000000001,0.011907298604571428,0.0010021976325514288,0.007640516604600001
1293494400,2010-12-28T00:00:00,0.0013552697142857142,0.00011406853428571431,0.0008696314000000001,0.011880294315428572,0.0009999247715485715,0.007623188852400002
1293580800,2010-12-29T00:00:00,0.001365144,0.00011489962000000002,0.0008759674000000001,0.011966852304,0.00100721006892,0.007678730228400002
1293667200,2010-12-30T00:00:00,0.001394766857142857,0.00011739287714285716,0.0008949754000000001,0.012226526269714285,0.0010290659610342858,0.007845354356400002
1293753600,2010-12-31T00:00:00,0.001412046857142857,0.00011884727714285713,0.0009060634,0.012378002749714286,0.0010418152314342858,0.0079425517644
1293840000,2011-01-01T00:00:00,0.0014280925714285713,0.00012019779142857142,0.0009163594000000002,0.012518659481142858,0.0010536538396628571,0.008032806500400001
1293926400,2011-01-02T00:00:00,0.0014651211428571426,0.00012331436285714287,0.0009401194,0.012843251938285715,0.0010809737048057143,0.0082410866604
1294012800,2011-01-03T00:00:00,0.0014725097142857142,0.00012393623428571428,0.0009448604000000001,0.01290802015542857,0.0010864250297485715,0.0082826462664
1294099200,2011-01-04T00:00:00,0.0014598565714285714,0.00012287126142857143,0.0009367413,0.012797102705142857,0.001077089477682857,0.0082114742358
1294185600,2011-01-05T00:00:00,0.0014702074285714284,0.00012374245857142856,0.0009433831000000001,0.012887838318857142,0.001084726391837143,0.0082696962546
1294272000,2011-01-06T00:00:00,0.0014575542857142856,0.00012267748571428573,0.0009352640000000001,0.012776920868571429,0.0010753908397714287,0.008198524224
1294358400,2011-01-07T00:00:00,0.0014855040000000001,0.00012502992,0.0009531984,0.013021928064,0.0010960122787200001,0.0083557371744
1294444800,2011-01-08T00:00:00,0.0014983405714285715,0.00012611033142857143,0.0009614352,0.013134453449142857,0.0011054831653028571,0.0084279409632
1294531200,2011-01-09T00:00:00,0.0015088542857142856,0.0001269952357142857,0.0009681815,0.013226616668571427,0.0011132402362714286,0.008487079029000002
1294617600,2011-01-10T00:00:00,0.0015216994285714284,0.00012807636857142858,0.0009764238000000001,0.013339217190857141,0.0011227174468971428,0.008559331030800001
1294704000,2011-01-11T00:00:00,0.0015647794285714286,0.00013170226857142856,0.0010040668000000001,0.013716856470857143,0.0011545020862971428,0.0088016495688
1294790400,2011-01-12T00:00:00,0.0015828445714285713,0.00013322275142857142,0.0010156586,0.013875215513142858,0.0011678306390228571,0.008903263287600001
1294876800,2011-01-13T00:00:00,0.0016481605714285716,0.0001387201814285714,0.0010575697,0.014447775569142856,0.001216021110402857,0.009270655990200003
1294963200,2011-01-14T00:00:00,0.0016717851428571428,0.00014070858285714286,0.0010727288,0.014654868562285714,0.001233451437325714,0.0094035406608
1295049600,2011-01-15T00:00:00,0.001666608,0.00014027284,0.0010694068,0.014609485727999999,0.0012296317154400001,0.0093744200088
1295136000,2011-01-16T00:00:00,0.0017134817142857143,0.00014421804428571428,0.0010994841000000002,0.015020380707428572,0.0012642153762085714,0.0096380776206
1295222400,2011-01-17T00:00:00,0.0017727428571428572,0.00014920585714285717,0.00113751,0.015539863885714284,0.0013079385437142856,0.00997141266
1295308800,2011-01-18T00:00:00,0.0017552588571428571,0.00014773428714285716,0.0011262911,0.015386599141714283,0.001295038761094286,0.009873067782600001
1295395200,2011-01-19T00:00:00,0.0017887165714285717,0.00015055031142857146,0.0011477598000000002,0.015679889465142854,0.0013197240299828573,0.010061262406800001
1295481600,2011-01-20T00:00:00,0.0018197005714285714,0.00015315813142857145,0.0011676412000000001,0.015951495209142855,0.0013425841801028573,0.0102355427592
1295568000,2011-01-21T00:00:00,0.0018415594285714283,0.0001549979185714286,0.0011816673000000003,0.016143109950857142,0.001358711754197143,0.010358495551800002
1295654400,2011-01-22T00:00:00,0.0018697405714285713,0.00015736983142857145,0.0011997502000000001,0.016390145849142855,0.0013795039423028573,0.010517010253200001
1295740800,2011-01-23T00:00:00,0.001863456,0.00015684088000000003,0.0011957176,0.016335055295999996,0.0013748671540800002,0.010481660481600001
1295827200,2011-01-24T00:00:00,0.0018744548571428573,0.00015776661714285716,0.0012027752000000002,0.016431471277714285,0.001382982165874286,0.0105435274032
1295913600,2011-01-25T00:00:00,0.0018980228571428572,0.00015975025714285714,0.001217898,0.016638068365714288,0.0014003707541142857,0.010676093868000001
1296000000,2011-01-26T00:00:00,0.0019153062857142856,0.00016120494571428574,0.0012289882000000002,0.016789574900571428,0.0014131225541314286,0.0107733105612
1296086400,2011-01-27T00:00:00,0.0019046142857142858,0.00016030503571428574,0.0012221275,0.016695848828571426,0.0014052339430714285,0.010713169665000003
1296172800,2011-01-28T00:00:00,0.001927606285714286,0.0001622401957142857,0.0012368807000000001,0.01689739670057143,0.0014221975556314285,0.0108424962162
1296259200,2011-01-29T00:00:00,0.0019703674285714286,0.00016583925857142855,0.0012643191000000001,0.01727224087885714,0.0014537469406371427,0.011083021230600001
1296345600,2011-01-30T00:00:00,0.0019958931428571427,0.00016798767285714286,0.0012806981,0.017495999290285714,0.0014725799402657144,0.011226599544599999
1296432000,2011-01-31T00:00:00,0.0020193977142857144,0.00016996597428571426,0.0012957802000000001,0.01770204036342857,0.0014899217305885711,0.011358809233200002
1296518400,2011-02-01T00:00:00,0.002081928,0.00017522894000000002,0.0013359038,0.018250180848,0.0015360568880399999,0.0117105327108
1296604800,2011-02-02T00:00:00,0.0020954931428571427,0.00017637067285714288,0.0013446081,0.018369092890285713,0.001546065318265714,0.011786834604600002
1296691200,2011-02-03T00:00:00,0.002114076,0.00017793473,0.0013565321000000002,0.018531990216,0.0015597758431799998,0.011891360388600001
1296777600,2011-02-04T00:00:00,0.002181606857142857,0.00018361857714285714,0.0013998644000000001,0.019123965709714284,0.0016096004472342855,0.012271211330400001
1296864000,2011-02-05T00:00:00,0.0022153714285714286,0.00018646042857142856,0.0014215300000000003,0.019419945942857144,0.001634512116857143,0.01246113198
1296950400,2011-02-06T00:00:00,0.002254764,0.00018977597,0.0014468069,0.019765261224,0.0016635761530199998,0.0126827092854
1297036800,2011-02-07T00:00:00,0.0023166668571428573,0.00019498612714285713,0.0014865279,0.020307901669714284,0.0017092483905342857,0.013030903571399998
1297123200,2011-02-08T00:00:00,0.002368661142857143,0.00019936231285714283,0.0015198909,0.020763683578285713,0.0017476100345057144,0.0133233636294
1297209600,2011-02-09T00:00:00,0.002497649142857143,0.00021021880285714285,0.0016026582000000001,0.021894392386285714,0.0018427780258457142,0.0140489017812
1297296000,2011-02-10T00:00:00,0.002609592,0.00021964066000000002,0.0016744881999999999,0.022875683472,0.0019253700255600001,0.014678563561199998
1297382400,2011-02-11T00:00:00,0.0026577565714285714,0.00022369451142857148,0.0017053938000000002,0.023297894105142856,0.0019609060871828574,0.0149494820508
1297468800,2011-02-12T00:00:00,0.002756214857142857,0.00023198141714285718,0.0017685712000000003,0.024160979437714284,0.0020335491026742857,0.0155032951392
1297555200,2011-02-13T00:00:00,0.002862855428571429,0.0002409569985714286,0.0018369989000000004,0.025095790686857144,0.0021122290494771426,0.0161031323574
1297641600,2011-02-14T00:00:00,0.0029162931428571427,0.00024545467285714287,0.0018712881000000003,0.025564225690285713,0.002151655662265714,0.016403711484600004
1297728000,2011-02-15T00:00:00,0.0030551417142857143,0.00025714109428571434,0.0019603826000000003,0.026781372267428574,0.0022540988325085716,0.0171847138716
1297814400,2011-02-16T00:00:00,0.0031437617142857145,0.0002645999442857143,0.0020172471000000003,0.027558215187428573,0.0023194831116085716,0.0176831880786
1297900800,2011-02-17T00:00:00,0.0032434594285714285,0.0002729911685714286,0.0020812198000000003,0.02843216535085714,0.0023930405836971426,0.018243972766800003
1297987200,2011-02-18T00:00:00,0.0034517331428571426,0.00029052087285714285,0.0022148621,0.030257892730285712,0.002546705971465714,0.019415481168600004
1298073600,2011-02-19T00:00:00,0.003517729714285714,0.0002960755842857143,0.0022572099000000003,0.03083641867542857,0.002595398571848571,0.0197867019834
1298160000,2011-02-20T00:00:00,0.003694254857142857,0.00031093311714285715,0.0023704802000000004,0.032383838077714285,0.0027256397048742854,0.0207796294332
1298246400,2011-02-21T00:00:00,0.0038627845714285713,0.0003251177014285714,0.0024786201,0.033861169553142854,0.002849981770722857,0.021727583796600003
1298332800,2011-02-22T00:00:00,0.004019885142857143,0.0003383403328571428,0.0025794263000000002,0.03523831316228571,0.0029658913578257144,0.022611250945800004
1298419200,2011-02-23T00:00:00,0.004260901714285714,0.00035862589428571433,0.0027340786,0.03735106442742857,0.003143714589308571,0.0239669330076
1298505600,2011-02-24T00:00:00,0.004392279428571428,0.0003696835185714285,0.0028183793,0.03850272147085714,0.003240645723797143,0.024705912943800003
1298592000,2011-02-25T00:00:00,0.004471007999999999,0.00037630984,0.0028688968000000004,0.039192856128,0.0032987320574399998,0.025148749348800004
1298678400,2011-02-26T00:00:00,0.004828316571428571,0.0004063833114285714,0.0030981698000000003,0.04232502306514285,0.0035623561079828575,0.0271585564668
1298764800,2011-02-27T00:00:00,0.005153819999999999,0.00043377985,0.0033070345,0.04517838611999999,0.0038025141651,0.028989464427
1298851200,2011-02-28T00:00:00,0.005261636571428571,0.00044285441142857135,0.0033762168000000003,0.04612350618514285,0.003882061770582857,0.0295959164688
1298937600,2011-03-01T00:00:00,0.0052218908571428566,0.0004395091471428571,0.0033507133,0.045775095253714274,0.0038527371838542857,0.0293723527878
1299024000,2011-03-02T00:00:00,0.005262733714285714,0.00044294675428571424,0.0033769208,0.046133123739428565,0.0038828712480685717,0.029602087732800004
1299110400,2011-03-03T00:00:00,0.005500700571428571,0.0004629756314285714,0.0035296162,0.04821914120914285,0.004058444385102856,0.0309406156092
1299196800,2011-03-04T00:00:00,0.005848542857142857,0.0004922523571428572,0.0037528150000000005,0.05126832668571428,0.004315084162714285,0.03289717629
1299283200,2011-03-05T00:00:00,0.0063032091428571425,0.0005305201028571429,0.004044559200000001,0.05525393134628571,0.0046505392216457135,0.0354546059472
1299369600,2011-03-06T00:00:00,0.006660509142857143,0.0005605928528571429,0.004273826700000001,0.058386023146285715,0.004914156948145713,0.037464364852200005
1299456000,2011-03-07T00:00:00,0.006949479428571428,0.0005849145185714286,0.004459249300000001,0.06091913667085714,0.005127360669797143,0.039089779363799995
1299542400,2011-03-08T00:00:00,0.007219500000000001,0.00060764125,0.004632512500000001,0.06328613699999999,0.0053265831975,0.040608604575000005
1299628800,2011-03-09T00:00:00,0.0072869468571428574,0.0006133180271428571,0.0046757909,0.0638773761497143,0.005376345825934286,0.0409879830294
1299715200,2011-03-10T00:00:00,0.007120050857142857,0.0005992709471428571,0.0045686993,0.06241436581371428,0.005253209122654285,0.04004921806380001
1299801600,2011-03-11T00:00:00,0.006917211428571428,0.0005821986285714285,0.004438544,0.06063627538285714,0.005103553178057143,0.038908276704
1299888000,2011-03-12T00:00:00,0.00651402,0.00054826335,0.0041798295,0.057101899319999996,0.004806076526099999,0.036640385397
1299974400,2011-03-13T00:00:00,0.005975701714285714,0.0005029548942857143,0.0038344086,0.05238300122742856,0.004408902603308571,0.0336124257876
1300060800,2011-03-14T00:00:00,0.005703361714285714,0.00048003294428571427,0.0036596571000000002,0.04999566878742857,0.004207968789608571,0.032080554138600004
1300147200,2011-03-15T00:00:00,0.005544714857142857,0.00046668016714285714,0.0035578587,0.048604970437714286,0.004090918345174286,0.0311881893642
1300233600,2011-03-16T00:00:00,0.005564459999999999,0.00046834204999999997,0.0035705285000000005,0.048778056359999995,0.0041054864103,0.031299252831000005
1300320000,2011-03-17T00:00:00,0.005765741142857143,0.00048528321285714286,0.0036996839000000004,0.05054248685828571,0.004253992643905714,0.0324314290674
1300406400,2011-03-18T00:00:00,0.0057008125714285715,0.00047981839142857143,0.0036580214000000006,0.049973323001142864,0.004206088019262857,0.032066215592400006
1300492800,2011-03-19T00:00:00,0.005538488571428571,0.00046615612142857137,0.0035538635,0.04855039081714285,0.004086324560442857,0.031153167441
1300579200,2011-03-20T00:00:00,0.005668347428571428,0.0004770859085714285,0.0036371896,0.04968873355885715,0.004182135074537143,0.0318836040336
1300665600,2011-03-21T00:00:00,0.0050372328,0.0004967595542857143,0.0032586506857142862,0.0441563827248,0.004354594252868571,0.02856533191097143
1300752000,2011-03-22T00:00:00,0.004387288628571428,0.0005005850014285715,0.0028628513571428574,0.03845897211805714,0.004388128122522857,0.02509575499671429
1300838400,2011-03-23T00:00:00,0.0036061856571428567,0.0005120611985714285,0.0023896769285714284,0.031611823470514284,0.004488728466677143,0.02094790795585714
1300924800,2011-03-24T00:00:00,0.0027893727428571426,0.0005180725742857142,0.0018926958285714285,0.02445164146388571,0.004541424186188571,0.016591371633257145
1301011200,2011-03-25T00:00:00,0.002112524228571428,0.0005386015457142857,0.0014865189428571429,0.018518387387657143,0.004721381149731428,0.013030825053085716
1301097600,2011-03-26T00:00:00,0.0014469526285714282,0.0005440295742857143,0.0010817513142857141,0.012683986742057143,0.004768963248188571,0.009482632021028572
1301184000,2011-03-27T00:00:00,0.0006414754285714285,0.0005399084857142857,0.000588019142857143,0.005623173606857143,0.004732837785771429,0.005154575806285714
1301270400,2011-03-28T00:00:00,0.0006441322285714286,0.0005421446257142858,0.0005904545428571428,0.005646463115657142,0.004752439789011429,0.005175924522685714
1301356800,2011-03-29T00:00:00,0.0006626794285714286,0.0005577551857142857,0.0006074561428571428,0.005809047870857143,0.004889281957971428,0.005324960548285715
1301443200,2011-03-30T00:00:00,0.0006524388,0.00054913599,0.0005980689000000001,0.0057192785208,0.00481372608834,0.0052426719774
1301529600,2011-03-31T00:00:00,0.0006718962857142857,0.0005655127071428572,0.0006159049285714285,0.005889842840571429,0.004957284390814286,0.005399022603857144
1301616000,2011-04-01T00:00:00,0.000673044857142857,0.0005664794214285715,0.0006169577857142857,0.005899911217714286,0.004965758608242858,0.0054082519495714295
1301702400,2011-04-02T00:00:00,0.0006977329714285714,0.0005872585842857143,0.0006395885571428572,0.0061163272275428565,0.005147908749848572,0.005606633291914287
1301788800,2011-04-03T00:00:00,0.0007165429714285713,0.0006030903342857143,0.0006568310571428573,0.0062812156875428566,0.0052866898703485725,0.005757781046914287
1301875200,2011-04-04T00:00:00,0.0007224210857142856,0.0006080377471428571,0.0006622193285714286,0.006332743237371429,0.005330058891454286,0.005805014634257144
1301961600,2011-04-05T00:00:00,0.0007428077142857143,0.0006251964928571429,0.0006809070714285716,0.006511452423428571,0.005480472456385714,0.005968831388142857
1302048000,2011-04-06T00:00:00,0.0007549650857142856,0.000635428947142857,0.0006920513285714286,0.006618023941371428,0.005570170150654286,0.006066521946257143
1302134400,2011-04-07T00:00:00,0.0007399690285714285,0.0006228072657142857,0.000678304942857143,0.006486568504457143,0.005459528491251428,0.0059460211290857145
1302220800,2011-04-08T00:00:00,0.0007530012,0.0006337760099999999,0.0006902510999999999,0.0066008085192,0.00555568050366,0.0060507411426000005
1302307200,2011-04-09T00:00:00,0.0007566647999999999,0.0006368595399999999,0.0006936093999999999,0.0066329236368000005,0.005582710727640001,0.0060801800004
1302393600,2011-04-10T00:00:00,0.0007751969142857142,0.0006524574028571429,0.0007105971714285714,0.006795376150628571,0.005719441593445714,0.0062290948047428575
1302480000,2011-04-11T00:00:00,0.0007849482857142856,0.000660664807142857,0.0007195359285714286,0.006880856672571428,0.0057913876994142854,0.006307451949857144
1302566400,2011-04-12T00:00:00,0.0007831302857142856,0.0006591346571428572,0.0007178694285714287,0.006864920084571429,0.005777974404514287,0.0062928434108571445
1302652800,2011-04-13T00:00:00,0.0008154097714285714,0.0006863032242857143,0.0007474589571428573,0.007147882056342857,0.006016134064088572,0.006552225218314287
1302739200,2011-04-14T00:00:00,0.000824532342857143,0.0006939813885714285,0.0007558213142857143,0.007227850517485714,0.006083440852217142,0.006625529641028573
1302825600,2011-04-15T00:00:00,0.0008034805714285714,0.0006762628142857142,0.0007365238571428572,0.007043310689142857,0.005928119830028572,0.006456368131714287
1302912000,2011-04-16T00:00:00,0.0008154099428571429,0.0006863033685714286,0.0007474591142857144,0.007147883559085714,0.006016135328897144,0.006552226595828573
1302998400,2011-04-17T00:00:00,0.0008203220571428572,0.0006904377314285715,0.0007519618857142858,0.007190943152914286,0.006052377153702858,0.00659169789017143
1303084800,2011-04-18T00:00:00,0.0008191719428571429,0.0006894697185714287,0.0007509076142857144,0.007180861251085714,0.006043891552997143,0.006582456146828571
1303171200,2011-04-19T00:00:00,0.0008259824571428572,0.0006952019014285713,0.0007571505857142858,0.007240562219314285,0.006094139867922858,0.006637182034371429
1303257600,2011-04-20T00:00:00,0.0008031697714285715,0.0006760012242857142,0.0007362389571428572,0.0070405862163428565,0.0059258267320885715,0.006453870698314286
1303344000,2011-04-21T00:00:00,0.0008065767428571428,0.0006788687585714287,0.0007393620142857143,0.0070704517278857145,0.005950963537637142,0.006481247417228572
1303430400,2011-04-22T00:00:00,0.0008496471428571428,0.0007151196785714286,0.0007788432142857144,0.007448006854285713,0.006268739102357142,0.006827339616428571
1303516800,2011-04-23T00:00:00,0.0020818256571428573,0.000726868142857143,0.0015361063142857144,0.018249283710514284,0.006371726140285715,0.013465507951028573
1303603200,2011-04-24T00:00:00,0.0032303960571428572,0.0007278586642857144,0.0022383700428571436,0.028317651836914284,0.006380409051128571,0.019621551795685716
1303689600,2011-04-25T00:00:00,0.004628135657142858,0.0007597286371428571,0.0031041142000000003,0.040570237170514285,0.006659781233194286,0.027210665077200002
1303776000,2011-04-26T00:00:00,0.006041523771428571,0.0007868855171428572,0.003977710314285714,0.052959997380342856,0.006897838443274286,0.03486860861502857
1303862400,2011-04-27T00:00:00,0.007368344914285715,0.0008127175657142858,0.00479792342857143,0.06459091151862857,0.007124282181051428,0.04205859677485715
1303948800,2011-04-28T00:00:00,0.008543281714285714,0.0008239776228571429,0.005520028171428572,0.07489040750742856,0.007222987841965714,0.04838856695074286
1304035200,2011-04-29T00:00:00,0.00997870457142857,0.0008398743014285715,0.0064030021,0.08747332427314285,0.007362338126322858,0.05612871640860001
1304121600,2011-04-30T00:00:00,0.010366395428571429,0.0008725049485714286,0.0066517704000000006,0.09087182232685713,0.007648378379177144,0.058309419326400005
1304208000,2011-05-01T00:00:00,0.010764416571428572,0.0009060050614285714,0.006907167300000002,0.09436087566514285,0.007942040368482858,0.06054822855180001
1304294400,2011-05-02T00:00:00,0.011094570857142858,0.0009337930471428571,0.007119016300000001,0.09725500813371428,0.008185629851254286,0.0624052968858
1304380800,2011-05-03T00:00:00,0.011391773142857142,0.0009588075728571428,0.007309721100000001,0.09986028337028573,0.008404907183665714,0.0640770151626
1304467200,2011-05-04T00:00:00,0.011792754857142857,0.0009925568671428572,0.0075670177,0.10337528907771429,0.008700753497374286,0.0663324771582
1304553600,2011-05-05T00:00:00,0.01254887142857143,0.0010561966785714286,0.008052192500000001,0.11000340694285714,0.009258620084357141,0.070585519455
1304640000,2011-05-06T00:00:00,0.013012337142857143,0.0010952050428571429,0.008349583000000002,0.11406614739428574,0.009600567405685713,0.073192444578
1304726400,2011-05-07T00:00:00,0.013271074285714283,0.0011169820857142856,0.008515606000000002,0.11633423718857142,0.009791464963371427,0.074647802196
1304812800,2011-05-08T00:00:00,0.01364490857142857,0.0011484464714285713,0.008755483000000001,0.11961126853714285,0.010067281768542857,0.076750563978
1304899200,2011-05-09T00:00:00,0.014175771428571427,0.0011931274285714286,0.009096120000000001,0.12426481234285713,0.010458955038857142,0.07973658792000002
1304985600,2011-05-10T00:00:00,0.014798862857142856,0.001245570957142857,0.009495937000000001,0.12972683180571426,0.010918675010314285,0.083241383742
1305072000,2011-05-11T00:00:00,0.015519942857142857,0.0013062618571428569,0.009958630000000001,0.13604781908571426,0.011450691439714287,0.08729735058
1305158400,2011-05-12T00:00:00,0.01574028,0.0013248069,0.010100013000000001,0.13797929448,0.0116132572854,0.088536713958
1305244800,2011-05-13T00:00:00,0.01647972,0.0013870431,0.010574487000000002,0.14446122552,0.0121588198146,0.09269595304199998
1305331200,2011-05-14T00:00:00,0.017726057142857143,0.001491943142857143,0.011374220000000003,0.1553866169142857,0.013078373590285713,0.09970641252000001
1305417600,2011-05-15T00:00:00,0.01863054857142857,0.0015680711714285715,0.011954602,0.16331538877714286,0.013745711888742856,0.104794041132
1305504000,2011-05-16T00:00:00,0.019571982857142855,0.0016473085571428573,0.012558689,0.17156800172571426,0.014440306811914288,0.110089467774
1305590400,2011-05-17T00:00:00,0.020564674285714287,0.0017308600857142858,0.013195666,0.18026993478857142,0.015172719511371429,0.115673208156
1305676800,2011-05-18T00:00:00,0.022028417142857144,0.0018540584428571431,0.014134901000000002,0.1931011046742857,0.016252676310085715,0.12390654216600001
1305763200,2011-05-19T00:00:00,0.023318605714285713,0.0019626493142857145,0.014962772000000001,0.20441089769142856,0.017204583889028572,0.131163659352
1305849600,2011-05-20T00:00:00,0.025118365714285714,0.0021141291142857143,0.016117618,0.22018759385142858,0.01853245581582857,0.141287039388
1305936000,2011-05-21T00:00:00,0.026448617142857143,0.002226091942857143,0.016971196,0.23184857787428573,0.019513921971085712,0.148769504136
1306022400,2011-05-22T00:00:00,0.02873965714285714,0.002418921142857143,0.018441280000000004,0.2519318345142857,0.021204262738285715,0.16165626048000004
1306108800,2011-05-23T00:00:00,0.0313758,0.0026407965,0.020132805000000004,0.2750402628,0.023149222119,0.17648416863000005
1306195200,2011-05-24T00:00:00,0.034148228571428574,0.0028741425714285712,0.021911780000000002,0.2993433716571428,0.02519473378114286,0.19207866348000005
1306281600,2011-05-25T00:00:00,0.03650869714285714,0.003072815342857143,0.023426414000000003,0.32003523915428567,0.02693629929548572,0.20535594512400004
1306368000,2011-05-26T00:00:00,0.04003565142857143,0.003369667328571429,0.025689543000000002,0.35095252042285713,0.029538503802257143,0.225194533938
1306454400,2011-05-27T00:00:00,0.041647937142857146,0.0035053680428571428,0.026724093000000004,0.3650858169942857,0.030728056263685716,0.23426339923800008
1306540800,2011-05-28T00:00:00,0.04281552,0.0036036396000000003,0.027473292000000003,0.37532084832,0.0315895047336,0.24083087767200007
1306627200,2011-05-29T00:00:00,0.04424389714285714,0.003723861342857143,0.028389834000000003,0.38784200235428573,0.032643368531485716,0.24886528484400003
1306713600,2011-05-30T00:00:00,0.044001445714285714,0.003703455014285714,0.028234261000000004,0.3857166731314286,0.032464486655228574,0.24750153192600002
1306800000,2011-05-31T00:00:00,0.043340331428571424,0.0036478112285714286,0.027810046,0.3799213453028571,0.031976713229657144,0.243782863236
1306886400,2011-06-01T00:00:00,0.04392104571428571,0.003696688014285714,0.028182671,0.38501188673142855,0.03240516713322857,0.24704929398600003
1306972800,2011-06-02T00:00:00,0.04387806857142857,0.0036930707714285713,0.028155094000000002,0.3846351490971428,0.03237345838234286,0.246807554004
1307059200,2011-06-03T00:00:00,0.04517514857142857,0.003802241671428571,0.028987387000000003,0.3960053523771428,0.03333045049174286,0.254103434442
1307145600,2011-06-04T00:00:00,0.047732228571428566,0.004017462571428571,0.030628180000000005,0.4184207156571428,0.035217076901142855,0.26848662588
1307232000,2011-06-05T00:00:00,0.04876988571428571,0.0041047987142857146,0.03129401,0.42751681817142856,0.035982665529428574,0.27432329166
1307318400,2011-06-06T00:00:00,0.052735525714285705,0.004438573414285714,0.033838629,0.4622796184114285,0.038908534549628566,0.296629421814
1307404800,2011-06-07T00:00:00,0.055394674285714283,0.004662385085714286,0.035544916,0.48558971478857144,0.04087046766137143,0.311586733656
1307491200,2011-06-08T00:00:00,0.05737069714285714,0.004828700342857143,0.036812864,0.5029115311542857,0.04232838720548571,0.322701565824
1307577600,2011-06-09T00:00:00,0.06106122857142857,0.0051393200714285716,0.039180955,0.5352627296571428,0.045051279746142855,0.34346025153
1307664000,2011-06-10T00:00:00,0.06435538285714286,0.005416578057142857,0.041294704,0.5641392861257143,0.04748172324891429,0.36198937526400005
1307750400,2011-06-11T00:00:00,0.06823614857142857,0.005743209171428572,0.043784862,0.5981580783771429,0.05034497159674286,0.383818100292
1307836800,2011-06-12T00:00:00,0.07179138857142857,0.006042441871428572,0.046066141000000005,0.6293233122171429,0.05296804544494286,0.40381579200600004
1307923200,2011-06-13T00:00:00,0.07309212,0.0061519200999999996,0.046900777000000005,0.6407255239199999,0.053927731596600005,0.41113221118200005
1308009600,2011-06-14T00:00:00,0.07681439999999999,0.006465212,0.049289240000000005,0.6733550304,0.056674048392,0.4320694778400001
1308096000,2011-06-15T00:00:00,0.08436701142857142,0.007100890128571429,0.054135499,0.7395612221828571,0.06224640286705715,0.474551784234
1308182400,2011-06-16T00:00:00,0.087087,0.0073298225,0.05588082500000001,0.7634046419999999,0.064253224035,0.48985131195000003
1308268800,2011-06-17T00:00:00,0.09020703428571429,0.007592425385714286,0.05788284700000001,0.7907548625485715,0.06655520093117143,0.5074010368020001
1308355200,2011-06-18T00:00:00,0.09274721142857142,0.007806223628571428,0.059512794,0.813022055382857,0.06842935632805715,0.521689152204
1308441600,2011-06-19T00:00:00,0.09814889142857142,0.008260865028571429,0.062978872,0.8603731822628571,0.07241474284045714,0.552072791952
1308528000,2011-06-20T00:00:00,0.10466266285714286,0.008809107457142858,0.06715854200000002,0.9174729026057143,0.07722063596931429,0.588711779172
1308614400,2011-06-21T00:00:00,0.11162955428571429,0.009395487485714286,0.071628964,0.9785446728685715,0.08236084329977143,0.6278994984240001
1308700800,2011-06-22T00:00:00,0.11456401714285715,0.009642471442857143,0.073511911,1.0042681742742858,0.08452590466808571,0.6444054118260001
1308787200,2011-06-23T00:00:00,0.11904797142857142,0.010019870928571428,0.07638911500000001,1.0435745175428572,0.08783418855985714,0.6696269820900002
1308873600,2011-06-24T00:00:00,0.12501347999999998,0.0105219679,0.080216983,1.09586816568,0.0922355706114,0.703182072978
1308960000,2011-06-25T00:00:00,0.1270982742857143,0.010697438085714286,0.08155472600000002,1.1141434723885715,0.09377374225937142,0.714908728116
1309046400,2011-06-26T00:00:00,0.1279451657142857,0.010768718114285716,0.08209814800000001,1.1215673226514287,0.09439858298982857,0.7196723653679999
1309132800,2011-06-27T00:00:00,0.13032065142857144,0.010968654828571428,0.08362241800000002,1.1423908304228572,0.09615122822725716,0.733034116188
1309219200,2011-06-28T00:00:00,0.13021848,0.010960055400000002,0.08355685800000001,1.14149519568,0.09607584563640001,0.7324594172280001
1309305600,2011-06-29T00:00:00,0.13100362285714287,0.011026138257142857,0.08406065800000002,1.1483777579657144,0.0966551279621143,0.736875728028
1309392000,2011-06-30T00:00:00,0.13551648,0.011405970400000002,0.08695640800000001,1.1879374636799997,0.09998473652640001,0.7622598725280001
1309478400,2011-07-01T00:00:00,0.13598379428571428,0.011445302685714285,0.08725626800000001,1.1920339407085714,0.10032952334297142,0.7648884452880002
1309564800,2011-07-02T00:00:00,0.13903954285714287,0.01170249485714286,0.08921704,1.2188206326857143,0.1025840699177143,0.7820765726400001
1309651200,2011-07-03T00:00:00,0.1409201142857143,0.011860776285714286,0.09042374000000002,1.2353057218285712,0.10397156492057144,0.79265450484
1309737600,2011-07-04T00:00:00,0.14103771428571427,0.011870674285714287,0.0904992,1.2363366034285712,0.10405833078857142,0.7933159872000001
1309824000,2011-07-05T00:00:00,0.1385695542857143,0.011662937485714286,0.08891546400000001,1.2147007128685714,0.10223730999977143,0.7794329574240001
1309910400,2011-07-06T00:00:00,0.13724526857142857,0.011551476771428574,0.088065714,1.203092024297143,0.10126024537834286,0.771984048924
1309996800,2011-07-07T00:00:00,0.11654158285714286,0.011130667485714287,0.07526069257142858,1.0216035153257144,0.09757143117977142,0.659735231081143
1310083200,2011-07-08T00:00:00,0.09840637714285715,0.009604287671428572,0.0633217427857143,0.8626303020342857,0.08419118572774285,0.5550783972595715
1310169600,2011-07-09T00:00:00,0.08052828,0.008099547828571429,0.05157707500000001,0.70591090248,0.07100063626525714,0.4521246394500001
1310256000,2011-07-10T00:00:00,0.0629604,0.006620917928571429,0.040053441214285716,0.5519108664,0.05803896656185714,0.3511084656844286
1310342400,2011-07-11T00:00:00,0.04507126285714286,0.005115248885714285,0.028287037428571433,0.3950946902057143,0.04484027173217142,0.2479641700988572
1310428800,2011-07-12T00:00:00,0.03061248,0.003898301328571429,0.018751081642857142,0.26834899968,0.03417250944625714,0.16437198168128572
1310515200,2011-07-13T00:00:00,0.014265462857142858,0.0025224273857142854,0.007911936214285714,0.1250510474057143,0.022111598463171428,0.06935603285442858
1310601600,2011-07-14T00:00:00,0.014438622857142857,0.001215250757142857,0.007279472357142858,0.1265689679657143,0.010652888137114286,0.06381185468271429
1310688000,2011-07-15T00:00:00,0.014398662857142858,0.0012118874571428572,0.007259325857142856,0.12621867860571429,0.010623405449314286,0.0636352504637143
1310774400,2011-07-16T00:00:00,0.014505222857142857,0.0012208562571428571,0.007313049857142858,0.12715278356571427,0.010702025950114286,0.0641061950477143
1310860800,2011-07-17T00:00:00,0.014944782857142857,0.001257852557142857,0.007534661357142858,0.13100596652571428,0.011026335515914285,0.06604884145671429
1310947200,2011-07-18T00:00:00,0.015117942857142855,0.0012724268571428572,0.007621962857142858,0.13252388708571428,0.011154093829714287,0.06681412640571428
1311033600,2011-07-19T00:00:00,0.015161777142857142,0.001276116242857143,0.007644062642857143,0.1329081384342857,0.011186434984885713,0.06700785312728572
1311120000,2011-07-20T00:00:00,0.014764714285714286,0.0012426967857142857,0.0074438767857142865,0.12942748542857144,0.01089348002357143,0.06525302390357143
1311206400,2011-07-21T00:00:00,0.015036891428571428,0.0012656050285714284,0.007581099428571429,0.13181339026285713,0.011094293680457144,0.06645591759085714
1311292800,2011-07-22T00:00:00,0.015054908571428573,0.0012671214714285715,0.007590183071428573,0.13197132853714286,0.011107586818542858,0.06653554480414285
1311379200,2011-07-23T00:00:00,0.015067474285714285,0.0012681790857142859,0.0075965182857142865,0.13208147958857144,0.01111685786537143,0.06659107929257144
1311465600,2011-07-24T00:00:00,0.015195068571428572,0.0012789182714285714,0.0076608470714285715,0.13319997109714285,0.011210997567342857,0.06715498542814287
1311552000,2011-07-25T00:00:00,0.015308262857142858,0.001288445457142857,0.007717915857142858,0.13419223220571427,0.011294512877314285,0.0676552504037143
1311638400,2011-07-26T00:00:00,0.015922405714285714,0.0013401358142857143,0.008027546214285716,0.13957580849142856,0.011747630548028572,0.07036947011442858
1311724800,2011-07-27T00:00:00,0.016282645714285712,0.0013704560142857143,0.008209167214285716,0.14273367233142858,0.01201341742122857,0.07196155980042859
1311811200,2011-07-28T00:00:00,0.016325879999999997,0.0013740948999999998,0.0082309645,0.14311266408,0.012045315893399999,0.072152634807
1311897600,2011-07-29T00:00:00,0.0165132,0.0013898609999999996,0.008325405,0.1447547112,0.012183521526,0.07298050023000001
1311984000,2011-07-30T00:00:00,0.01659965142857143,0.0013971373285714286,0.00836899092857143,0.14551254442285713,0.01224730582225714,0.07336257447985715
1312070400,2011-07-31T00:00:00,0.016729337142857143,0.0014080525428571428,0.008434374142857144,0.1466493693942857,0.012342988590685713,0.07393572373628572
1312156800,2011-08-01T00:00:00,0.01690134857142857,0.0014225301714285712,0.008521096571428572,0.14815722157714287,0.012469899482742857,0.07469593254514287
1312243200,2011-08-02T00:00:00,0.016844039999999998,0.0014177067000000002,0.0084922035,0.14765485464,0.0124276169322,0.074442655881
1312329600,2011-08-03T00:00:00,0.016863839999999998,0.0014193732,0.008502186,0.14782842144,0.0124422254712,0.074530162476
1312416000,2011-08-04T00:00:00,0.016706742857142857,0.001406150857142857,0.008422982857142857,0.14645130788571428,0.012326318413714286,0.0738358677257143
1312502400,2011-08-05T00:00:00,0.016597011428571427,0.0013969151285714283,0.00836765992857143,0.14548940218285716,0.012245358017057145,0.07335090693385715
1312588800,2011-08-06T00:00:00,0.01637046857142857,0.0013778477714285714,0.008253444571428572,0.14350352749714285,0.012078213564342858,0.07234969511314286
1312675200,2011-08-07T00:00:00,0.015876891428571425,0.0013363050285714287,0.00800459942857143,0.13917683026285713,0.011714049880457142,0.07016831859085715
1312761600,2011-08-08T00:00:00,0.015516342857142857,0.0013059588571428572,0.007822822857142859,0.13601626148571427,0.011448035341714286,0.06857486516571429
1312848000,2011-08-09T00:00:00,0.015387565714285715,0.0012951201142857142,0.0077578977142857145,0.13488740105142855,0.011353022921828573,0.06800573136342858
1312934400,2011-08-10T00:00:00,0.015307079999999999,0.0012883458999999999,0.0077173195,0.13418186328,0.0112936401594,0.067650022737
1313020800,2011-08-11T00:00:00,0.015435839999999998,0.0012991832,0.007782236,0.13531057344,0.0113886399312,0.068219080776
1313107200,2011-08-12T00:00:00,0.015290982857142857,0.0012869910571428572,0.007709203857142857,0.13404075572571425,0.011281763606914285,0.06757888101171429
1313193600,2011-08-13T00:00:00,0.01541976,0.0012978298,0.007774129,0.13516961615999998,0.0113767760268,0.068148014814
1313280000,2011-08-14T00:00:00,0.015516342857142857,0.0013059588571428572,0.007822822857142859,0.13601626148571427,0.011448035341714288,0.06857486516571429
1313366400,2011-08-15T00:00:00,0.015398725714285712,0.0012960594142857143,0.007763524214285714,0.13498522961142856,0.01136125682562857,0.06805505326242857
1313452800,2011-08-16T00:00:00,0.015310748571428572,0.0012886546714285714,0.007719169071428572,0.13421402197714283,0.011296346849742856,0.06766623608014287
1313539200,2011-08-17T00:00:00,0.014956919999999999,0.0012588741,0.007540780500000001,0.13111236072,0.0110352903606,0.06610248186300001
1313625600,2011-08-18T00:00:00,0.014967634285714284,0.0012597758857142859,0.007546182285714286,0.1312062821485714,0.011043195414171428,0.06614983391657143
1313712000,2011-08-19T00:00:00,0.014874874285714285,0.0012519685857142857,0.007499415785714287,0.13039314798857143,0.010974756622371431,0.06573987877757144
1313798400,2011-08-20T00:00:00,0.015121354285714286,0.0012727139857142858,0.007623682785714286,0.13255379166857142,0.01115661079877143,0.06682920329957143
1313884800,2011-08-21T00:00:00,0.015458742857142856,0.0013011108571428574,0.0077937828571428575,0.1355113398857143,0.011405537773714289,0.06832030052571429
1313971200,2011-08-22T00:00:00,0.015987874285714288,0.0013456460857142855,0.008060553285714285,0.14014970598857143,0.011795933587371429,0.07065881010257143
1314057600,2011-08-23T00:00:00,0.01611097714285714,0.0013560072428571428,0.008122617642857143,0.1412288256342857,0.011886759490885716,0.07120286625728571
1314144000,2011-08-24T00:00:00,0.016080205714285718,0.0013534173142857144,0.008107103714285715,0.14095908329142856,0.011864056177028572,0.07106687115942859
1314230400,2011-08-25T00:00:00,0.015941725714285714,0.001341761914285714,0.008037286714285715,0.13974516761142858,0.011761884940628572,0.07045485533742858
1314316800,2011-08-26T00:00:00,0.016187931428571428,0.0013624842285714285,0.008161415428571428,0.14190340690285713,0.01194353674765714,0.07154296764685715
1314403200,2011-08-27T00:00:00,0.015726291428571428,0.0013236295285714288,0.00792867192857143,0.13785667066285714,0.011602936447457144,0.06950273812585715
1314489600,2011-08-28T00:00:00,0.015049234285714285,0.0012666438857142856,0.007587322285714286,0.1319215877485714,0.011103400302171428,0.06651046715657143
1314576000,2011-08-29T00:00:00,0.014572200000000002,0.0012264935,0.0073468175,0.12773990519999998,0.010751442020999999,0.06440220220500001
1314662400,2011-08-30T00:00:00,0.01440444,0.0012123737,0.0072622385,0.12626932104,0.0106276678542,0.063660782691
1314748800,2011-08-31T00:00:00,0.014690691428571429,0.0012364665285714285,0.007406556928571429,0.12877860106285716,0.010838865589457142,0.06492587803585716
1314835200,2011-09-01T00:00:00,0.014567657142857142,0.001226111142857143,0.007344527142857144,0.12770008251428572,0.010748090278285716,0.06438212493428572
1314921600,2011-09-02T00:00:00,0.014669022857142857,0.001234642757142857,0.007395632357142858,0.1285886543657143,0.010822878409114287,0.06483011324271429
1315008000,2011-09-03T00:00:00,0.014988445714285715,0.0012615275142857144,0.007556674714285714,0.13138871513142855,0.011058550190228571,0.06624181054542858
1315094400,2011-09-04T00:00:00,0.015233537142857143,0.001282156042857143,0.0076802416428571425,0.13353718659428573,0.011239379871685714,0.06732499824128572
1315180800,2011-09-05T00:00:00,0.015473399999999998,0.0013023445000000002,0.0078011725,0.1356398244,0.011416351887000001,0.068385078135
1315267200,2011-09-06T00:00:00,0.015543668571428571,0.0013082587714285715,0.00783659957142857,0.13625579869714285,0.011468196390342859,0.06869563184314285
1315353600,2011-09-07T00:00:00,0.015255822857142857,0.001284031757142857,0.007691477357142858,0.13373254316571428,0.011255822383114287,0.06742349051271428
1315440000,2011-09-08T00:00:00,0.015255822857142857,0.0012840317571428572,0.007691477357142857,0.13373254316571428,0.011255822383114289,0.06742349051271429
1315526400,2011-09-09T00:00:00,0.015225514285714285,0.0012814807857142857,0.007676196785714286,0.13346685822857143,0.011233460567571431,0.06728954102357143
1315612800,2011-09-10T00:00:00,0.015043714285714285,0.0012661792857142859,0.007584539285714286,0.13187319942857142,0.011099327618571428,0.06648607137857143
1315699200,2011-09-11T00:00:00,0.01490736,0.0012547028000000002,0.007515794,0.13067791775999998,0.010998724744799999,0.06588345020400001
1315785600,2011-09-12T00:00:00,0.014558914285714283,0.001225375285714286,0.0073401192857142855,0.12762344262857142,0.010741639754571429,0.06434348565857143
1315872000,2011-09-13T00:00:00,0.014406377142857143,0.0012125367428571427,0.007263215142857144,0.1262863020342857,0.010629097087885715,0.06366934394228571
1315958400,2011-09-14T00:00:00,0.014530062857142855,0.001222946957142857,0.007325573357142857,0.12737053100571427,0.010720353026314286,0.06421597604871429
1316044800,2011-09-15T00:00:00,0.0149094,0.0012548745,0.0075168225,0.13069580039999998,0.011000229867,0.065892466035
1316131200,2011-09-16T00:00:00,0.01435650857142857,0.0012083394714285714,0.007238073071428572,0.12584915413714284,0.010592303806542856,0.06344894854414286
1316217600,2011-09-17T00:00:00,0.014346137142857141,0.001207466542857143,0.007232844142857143,0.1257582381942857,0.010584651714685714,0.06340311175628573
1316304000,2011-09-18T00:00:00,0.01481598857142857,0.0012470123714285717,0.007469727571428573,0.12987695581714284,0.010931310447942858,0.06547963189114286
1316390400,2011-09-19T00:00:00,0.01470090857142857,0.0012373264714285715,0.007411708071428573,0.12886816453714287,0.010846403848542855,0.06497103295414287
1316476800,2011-09-20T00:00:00,0.014660142857142856,0.0012338953571428572,0.007391155357142858,0.1285108122857143,0.010816326700714285,0.0647908678607143
1316563200,2011-09-21T00:00:00,0.014660142857142854,0.0012338953571428572,0.007391155357142858,0.1285108122857143,0.010816326700714285,0.0647908678607143
1316649600,2011-09-22T00:00:00,0.01454046857142857,0.0012238227714285715,0.007330819571428572,0.12746174749714287,0.010728030414342855,0.06426196436314287
1316736000,2011-09-23T00:00:00,0.014749885714285713,0.0012414487142857144,0.007436400714285715,0.12929749817142858,0.010882539429428573,0.06518748866142857
1316822400,2011-09-24T00:00:00,0.014675091428571426,0.0012351535285714285,0.007398691928571429,0.12864185146285714,0.010827355831457141,0.06485693344585715
1316908800,2011-09-25T00:00:00,0.01436094857142857,0.0012087131714285714,0.007240311571428571,0.12588807517714287,0.010595579660742857,0.06346857123514285
1316995200,2011-09-26T00:00:00,0.014465657142857141,0.0012175261428571428,0.007293102142857144,0.1268059505142857,0.010672834168285714,0.06393133338428572
1317081600,2011-09-27T00:00:00,0.014355874285714287,0.0012082860857142858,0.007237753285714286,0.12584359398857142,0.010591835827371427,0.06344614530257144
1317168000,2011-09-28T00:00:00,0.014288057142857141,0.0012025781428571427,0.007203562142857144,0.1252491089142857,0.010541800000285715,0.06314642574428572
1317254400,2011-09-29T00:00:00,0.013873594285714285,0.001167694185714286,0.0069946037857142864,0.12161592750857142,0.010236007231971428,0.061314696785571436
1317340800,2011-09-30T00:00:00,0.013640331428571429,0.0011480612285714284,0.006877000428571429,0.11957114530285713,0.010063904729657142,0.060283785756857146
1317427200,2011-10-01T00:00:00,0.013769211428571428,0.0011589086285714284,0.006941977428571429,0.12070090738285713,0.010158993038057142,0.06085337413885715
1317513600,2011-10-02T00:00:00,0.013461702857142857,0.001133026657142857,0.006786941857142857,0.11800528724571427,0.009932111676514284,0.05949433231971429
1317600000,2011-10-03T00:00:00,0.01354458857142857,0.0011400028714285714,0.006828730071428571,0.11873186341714284,0.009993265170942857,0.059860647806142864
1317686400,2011-10-04T00:00:00,0.013172425714285714,0.0011086791642857144,0.006641097964285715,0.11546948381142855,0.009718681554128571,0.05821586475492858
1317772800,2011-10-05T00:00:00,0.013143625714285715,0.0011062551642857142,0.006626577964285715,0.11521702301142855,0.009697432770128573,0.05808858243492858
1317859200,2011-10-06T00:00:00,0.01318680857142857,0.0011098897214285714,0.006648349321428572,0.11559556393714285,0.009729293298042856,0.058279430151642865
1317945600,2011-10-07T00:00:00,0.013417157142857142,0.0011292773928571428,0.0067644833928571435,0.1176147995142857,0.009899245625785714,0.05929746142178571
1318032000,2011-10-08T00:00:00,0.013071658285714285,0.0011001979057142857,0.006590294385714286,0.11458615653257141,0.009644334841491428,0.05777052058517144
1318118400,2011-10-09T00:00:00,0.013158041142857143,0.001107468462857143,0.006633845742857144,0.11534338865828571,0.009708068545405716,0.058152291781885725
1318204800,2011-10-10T00:00:00,0.012841326857142859,0.001080811677142857,0.006474168957142859,0.1125670712297143,0.009474395161834284,0.05675256507831429
1318291200,2011-10-11T00:00:00,0.012567802285714285,0.0010577900257142858,0.006336266985714286,0.11016935483657143,0.00927258736541143,0.05554371639677143
1318377600,2011-10-12T00:00:00,0.012207905142857144,0.0010274986828571427,0.006154818842857144,0.1070144964822857,0.009007053453925716,0.05395314197648572
1318464000,2011-10-13T00:00:00,0.011761623428571427,0.0009899366385714284,0.00592981847857143,0.10310239097485714,0.008677784573717142,0.05198078878315715
1318550400,2011-10-14T00:00:00,0.011517834857142858,0.0009694177671428571,0.005806908407142859,0.10096534035771429,0.008497916146774287,0.0509033590970143
1318636800,2011-10-15T00:00:00,0.011481255428571428,0.0009663389985714286,0.00578846627857143,0.10064468508685713,0.008470927661477144,0.05074169539795715
1318723200,2011-10-16T00:00:00,0.011141833714285716,0.0009377710042857144,0.005617341164285715,0.09766931433942858,0.008220500623568572,0.04924161264612858
1318809600,2011-10-17T00:00:00,0.010847484000000001,0.0009129965699999999,0.00546893985,0.095089044744,0.00800332793262,0.04794072672510001
1318896000,2011-10-18T00:00:00,0.01101003942857143,0.0009266783185714285,0.005550894878571429,0.09651400563085713,0.008123262140597142,0.048659144505557146
1318982400,2011-10-19T00:00:00,0.010946545714285714,0.0009213342642857143,0.0055188834642857145,0.09595741973142857,0.00807641616072857,0.04837853244792857
1319068800,2011-10-20T00:00:00,0.010988958857142858,0.0009249040371428572,0.005540266757142858,0.09632921334171428,0.008107708789594286,0.04856597839311429
1319155200,2011-10-21T00:00:00,0.010759983428571429,0.0009056319385714286,0.005424824978571429,0.09432201473485713,0.007938769573517144,0.04755401576215714
1319241600,2011-10-22T00:00:00,0.010309565142857144,0.0008677217328571429,0.0051977390928571445,0.09037364804228572,0.007606448710225714,0.04556338088798572
1319328000,2011-10-23T00:00:00,0.010171937142857143,0.0008561380428571429,0.005128351642857144,0.08916720099428573,0.007504906083685715,0.044955130501285724
1319414400,2011-10-24T00:00:00,0.010284541714285713,0.0008656155942857143,0.005185123114285714,0.09015429266742857,0.007587986299508571,0.04545278921982858
1319500800,2011-10-25T00:00:00,0.010397146285714285,0.0008750931457142858,0.0052418945857142865,0.09114138434057142,0.007671066515331428,0.04595044793837144
1319587200,2011-10-26T00:00:00,0.010196960571428573,0.0008582441814285714,0.0051409676214285716,0.08938655636914285,0.007523368494402856,0.045065722169442865
1319673600,2011-10-27T00:00:00,0.010009287428571429,0.0008424483585714286,0.005046349078571428,0.08774141359885713,0.007384902311237143,0.044236296022757145
1319760000,2011-10-28T00:00:00,0.009809101714285715,0.0008255993942857142,0.004945422114285715,0.08598658562742856,0.007237204290308571,0.043351570253828575
1319846400,2011-10-29T00:00:00,0.009996776571428572,0.0008413953614285713,0.005040041521428572,0.08763174342514286,0.007375671738282858,0.04418100397684287
1319932800,2011-10-30T00:00:00,0.010034312571428571,0.0008445546414285715,0.005058965921428572,0.08796078400114285,0.007403365986762857,0.04434689526724286
1320019200,2011-10-31T00:00:00,0.009813639428571429,0.0008259813185714285,0.004947709878571428,0.08602636323085713,0.007240552238597144,0.04337162479555715
1320105600,2011-11-01T00:00:00,0.009737982857142858,0.0008196135571428572,0.004909566357142857,0.08536315772571428,0.0071847324419142865,0.043037258686714285
1320192000,2011-11-02T00:00:00,0.009853489714285716,0.0008293353842857143,0.004967801064285716,0.08637569083542855,0.007269953978648573,0.043547744129528575
1320278400,2011-11-03T00:00:00,0.009884279999999999,0.0008319269,0.004983324500000001,0.08664559847999999,0.0072926712054000005,0.04368382256700001
1320364800,2011-11-04T00:00:00,0.010078136571428573,0.0008482431614285715,0.005081060521428572,0.08834494518514284,0.007435699553082859,0.04454057653084286
1320451200,2011-11-05T00:00:00,0.010161642857142857,0.0008552716071428573,0.005123161607142857,0.08907696128571428,0.007497310908214287,0.04490963464821429
1320537600,2011-11-06T00:00:00,0.010249662857142858,0.0008626799571428571,0.005167538357142858,0.0898485446057143,0.007562252504314286,0.04529864123871429
1320624000,2011-11-07T00:00:00,0.010235101714285714,0.0008614543942857144,0.0051601971142857155,0.08972090162742856,0.0075515092203085705,0.04523428790382857
1320710400,2011-11-08T00:00:00,0.010224846857142856,0.0008605912771428571,0.005155026957142858,0.08963100754971429,0.007543943135434286,0.04518896630631429
1320796800,2011-11-09T00:00:00,0.010296636,0.0008666335300000001,0.005191220650000001,0.09026031117599999,0.007596909523979999,0.04550624021790001
1320883200,2011-11-10T00:00:00,0.010460725714285714,0.0008804444142857143,0.005273949214285714,0.09169872161142856,0.007717975735628572,0.046231438812428576
1320969600,2011-11-11T00:00:00,0.010173569142857141,0.0008562754028571428,0.005129174442857144,0.08918150710628571,0.007506110181445714,0.04496234316608572
1321056000,2011-11-12T00:00:00,0.010142802857142858,0.0008536859071428571,0.005113663107142857,0.08891180984571427,0.007483410662014286,0.04482637079721429
1321142400,2011-11-13T00:00:00,0.010142802857142858,0.0008536859071428572,0.005113663107142857,0.0889118098457143,0.007483410662014286,0.04482637079721429
1321228800,2011-11-14T00:00:00,0.010246085142857143,0.0008623788328571429,0.0051657345928571435,0.08981718236228571,0.007559612848825714,0.04528282944098572
1321315200,2011-11-15T00:00:00,0.010394758285714286,0.0008748921557142857,0.005240690635714286,0.09112045113257142,0.007669304636991428,0.045939894112671444
1321401600,2011-11-16T00:00:00,0.010115499428571428,0.0008513878685714286,0.005099897628571429,0.08867246799085714,0.007463266055897143,0.04470570261205715
1321488000,2011-11-17T00:00:00,0.01008200057142857,0.0008485683814285714,0.005083008621428573,0.08837881700914285,0.007438550431602858,0.04455765357544287
1321574400,2011-11-18T00:00:00,0.010213152,0.00085960696,0.0051491308,0.089528490432,0.0075353146113599995,0.04513728059280001
1321660800,2011-11-19T00:00:00,0.009996546857142855,0.0008413760271428571,0.005039925707142858,0.08762972974971428,0.007375502253934287,0.044179988748814285
1321747200,2011-11-20T00:00:00,0.009972929142857143,0.0008393882028571427,0.005028018442857143,0.0874226968662857,0.007358076986245714,0.04407560967008572
1321833600,2011-11-21T00:00:00,0.009715044,0.00081768287,0.00489800135,0.085162075704,0.00716780803842,0.0429358798341
1321920000,2011-11-22T00:00:00,0.009460988571428571,0.0007962998714285714,0.004769915071428572,0.08293502581714285,0.006980364672942857,0.04181307551614286
1322006400,2011-11-23T00:00:00,0.009450826285714285,0.0007954445457142857,0.004764791585714286,0.08284594322057141,0.006972866887731429,0.04176816304037143
1322092800,2011-11-24T00:00:00,0.009186610285714285,0.0007732063657142857,0.004631582685714286,0.08052982576457143,0.006777927001851429,0.040600453822971436
1322179200,2011-11-25T00:00:00,0.009206934857142857,0.0007749170171428572,0.0046418296571428585,0.08070799095771429,0.006792922572274286,0.04069027877451429
1322265600,2011-11-26T00:00:00,0.009176449714285715,0.0007723511842857144,0.0046264600642857145,0.08044075819542858,0.006770430481448571,0.04055554892352858
1322352000,2011-11-27T00:00:00,0.008881746857142856,0.0007475470271428572,0.004477880707142857,0.07785739294971428,0.006552997239934286,0.03925310227881429
1322438400,2011-11-28T00:00:00,0.008973205714285714,0.0007552448142857142,0.004523991214285715,0.07865912129142857,0.006620476042028571,0.03965730698442858
1322524800,2011-11-29T00:00:00,0.008898238285714285,0.0007489350557142857,0.004486195135714285,0.07800195681257142,0.006565164698391428,0.039325986559671434
1322611200,2011-11-30T00:00:00,0.009042265714285713,0.0007610573642857143,0.004558808964285714,0.07926450125142857,0.006671428855328571,0.039962519380928575
1322697600,2011-12-01T00:00:00,0.009585596571428571,0.0008067877114285714,0.004832738271428571,0.08402733954514285,0.007072301078382858,0.04236378368734286
1322784000,2011-12-02T00:00:00,0.009570745714285714,0.0008055377642857143,0.004825250964285714,0.08389715693142856,0.007061344041728571,0.042298149952928576
1322870400,2011-12-03T00:00:00,0.009764096571428571,0.0008218114614285714,0.004922732021428572,0.08559207054514285,0.007203999270882856,0.04315266889984286
1322956800,2011-12-04T00:00:00,0.009869703428571427,0.0008307000385714286,0.004975975478571429,0.08651782025485714,0.007281916538117142,0.043619401045157144
1323043200,2011-12-05T00:00:00,0.010047687428571428,0.0008456803585714285,0.005065709078571429,0.08807802799885713,0.007413234023237143,0.04440600578275714
1323129600,2011-12-06T00:00:00,0.010289363999999999,0.00086602147,0.00518755435,0.09019656482399999,0.00759154420602,0.045474101432100004
1323216000,2011-12-07T00:00:00,0.010066289142857144,0.0008472460028571429,0.005075087442857144,0.08824109062628571,0.007426958461045715,0.04448821652408571
1323302400,2011-12-08T00:00:00,0.009898981714285713,0.0008331642942857143,0.004990736614285715,0.08677447370742856,0.007303518203708571,0.04374879716082857
1323388800,2011-12-09T00:00:00,0.00990827657142857,0.0008339466114285714,0.004995422771428572,0.08685595242514287,0.007310375995782857,0.04378987601434286
1323475200,2011-12-10T00:00:00,0.009833917714285713,0.0008276880742857142,0.004957933514285715,0.08620412268342859,0.007255513659188571,0.04346124518622858
1323561600,2011-12-11T00:00:00,0.009982635428571428,0.0008402051485714286,0.00503291202857143,0.08750778216685715,0.007365238332377143,0.04411850684245715
1323648000,2011-12-12T00:00:00,0.009708749142857142,0.000817153052857143,0.004894827692857143,0.08510689498628572,0.007163163661345714,0.04290805955558573
1323734400,2011-12-13T00:00:00,0.009418606285714285,0.0007927326957142856,0.004748547335714286,0.08256350270057143,0.006949094810631428,0.04162576594487143
1323820800,2011-12-14T00:00:00,0.009641893714285714,0.0008115260542857142,0.004861121414285715,0.08452084029942857,0.007113837391868571,0.04261259031762858
1323907200,2011-12-15T00:00:00,0.009219954857142857,0.0007760128671428571,0.004648393907142857,0.08082212427771429,0.006802528793374286,0.04074782099001429
1323993600,2011-12-16T00:00:00,0.009015085714285715,0.0007587697142857142,0.004545105714285715,0.07902624137142857,0.0066513753154285715,0.039842396691428576
1324080000,2011-12-17T00:00:00,0.009153075428571427,0.0007703838485714286,0.004614675528571429,0.08023585920685715,0.006753184816577143,0.04045224568345714
1324166400,2011-12-18T00:00:00,0.009157649142857143,0.0007707688028571428,0.004616981442857144,0.08027595238628571,0.006756559325845715,0.04047245932808572
1324252800,2011-12-19T00:00:00,0.009527986285714286,0.0008019388457142857,0.004803693085714287,0.08352232778057142,0.00702979592153143,0.04210917358937143
1324339200,2011-12-20T00:00:00,0.009547671428571427,0.0008035956785714287,0.004813617678571429,0.08369488774285713,0.007044319718357143,0.04219617257035714
1324425600,2011-12-21T00:00:00,0.009508299428571428,0.0008002818685714286,0.004793767628571429,0.08334975279085713,0.007015270859897143,0.04202216703205715
1324512000,2011-12-22T00:00:00,0.009862647428571429,0.0008301061585714286,0.004972418078571429,0.08645596735885712,0.007276710586037143,0.043588216876757145
1324598400,2011-12-23T00:00:00,0.010098877714285715,0.0008499888742857144,0.005091517514285715,0.08852676204342856,0.0074510024719885715,0.04463224253022858
1324684800,2011-12-24T00:00:00,0.010049662285714285,0.0008458465757142857,0.005066704735714286,0.08809533959657143,0.007414691082711428,0.04441473371327143
1324771200,2011-12-25T00:00:00,0.010344949714285715,0.0008706999342857144,0.005215578814285715,0.09068382919542857,0.007632555623948572,0.045719763886028573
1324857600,2011-12-26T00:00:00,0.010524084,0.00088577707,0.005305892350000001,0.092254120344,0.007764721795620001,0.0465114523401
1324944000,2011-12-27T00:00:00,0.010638401142857143,0.000895398762857143,0.005363527242857143,0.09325622441828571,0.007849065555205715,0.04701667981088571
1325030400,2011-12-28T00:00:00,0.010703919428571426,0.0009009132185714287,0.005396559378571429,0.09383055771085715,0.007897405273997144,0.04730623951255714
1325116800,2011-12-29T00:00:00,0.010611241714285713,0.0008931128442857143,0.005349834364285716,0.09301814486742857,0.007829027193008571,0.04689664803732858
1325203200,2011-12-30T00:00:00,0.010617161142857143,0.000893611062857143,0.0053528187428571435,0.0930700345782857,0.007833394577005715,0.046922809099885714
1325289600,2011-12-31T00:00:00,0.010682513142857142,0.000899111522857143,0.005385767042857143,0.09364291021028572,0.007881611609365716,0.04721163389768572
1325376000,2012-01-01T00:00:00,0.010482188571428571,0.0008822508714285716,0.0052847700714285725,0.09188686501714285,0.007733811138942857,0.046326294446142856
1325462400,2012-01-02T00:00:00,0.01023060342857143,0.0008610757885714286,0.0051579292285714295,0.08968146965485714,0.007548190362617143,0.045214407617657146
1325548800,2012-01-03T00:00:00,0.010368987428571428,0.0008727231085714286,0.005227697828571429,0.09089454379885716,0.0076502907697371435,0.04582599916525715
1325635200,2012-01-04T00:00:00,0.01030968,0.0008677314000000001,0.005197797000000001,0.09037465488,0.0076065334524,0.04556388850200001
1325721600,2012-01-05T00:00:00,0.010398641142857145,0.0008752189628571428,0.005242648242857144,0.09115448825828573,0.007672169428405714,0.04595705449688572
1325808000,2012-01-06T00:00:00,0.01068529542857143,0.0008993456985714285,0.005387169778571429,0.09366729972685715,0.007883664393677143,0.04722393027895715
1325894400,2012-01-07T00:00:00,0.011011486285714285,0.0009268000957142856,0.005551624335714287,0.09652668878057144,0.008124329639031428,0.048665538926871435
1325980800,2012-01-08T00:00:00,0.01114052057142857,0.0009376604814285714,0.005616679121428572,0.09765780332914287,0.008219531780202858,0.04923580917844287
1326067200,2012-01-09T00:00:00,0.011395962857142856,0.0009591602071428571,0.005745464607142857,0.09989701040571429,0.008407998375814286,0.05036474274621429
1326153600,2012-01-10T00:00:00,0.011327177142857142,0.0009533707428571429,0.005710785142857144,0.09929403483428571,0.008357247931885714,0.050060742562285716
1326240000,2012-01-11T00:00:00,0.011485140000000001,0.0009666659499999999,0.00579042475,0.10067873723999998,0.0084737937177,0.0507588633585
1326326400,2012-01-12T00:00:00,0.011684189142857142,0.000983419252857143,0.005890778692857143,0.10242360202628571,0.008620653170545714,0.051638566021585716
1326412800,2012-01-13T00:00:00,0.011486127428571427,0.0009667490585714286,0.005790922578571429,0.10068739303885713,0.008474522247437144,0.05076322732375715
1326499200,2012-01-14T00:00:00,0.011266155428571428,0.0009482347485714287,0.005680020028571429,0.09875911848685713,0.008312225805977142,0.04979105557045714
1326585600,2012-01-15T00:00:00,0.011106325714285714,0.0009347824142857143,0.0055994392142857145,0.09735805121142857,0.008194302643628571,0.04908468415242857
1326672000,2012-01-16T00:00:00,0.011223565714285713,0.0009446501142857144,0.005658547714285715,0.09838577705142856,0.008280802901828572,0.04960282926342857
1326758400,2012-01-17T00:00:00,0.011394102857142856,0.0009590036571428572,0.005744526857142857,0.09988070564571427,0.008406626058514286,0.050356522429714286
1326844800,2012-01-18T00:00:00,0.011127636,0.0009365760300000002,0.005610183150000001,0.097544857176,0.00821002547898,0.0491788654929
1326931200,2012-01-19T00:00:00,0.011074344,0.00093209062,0.005583315100000001,0.097077699504,0.008170706374920001,0.048943340166600006
1327017600,2012-01-20T00:00:00,0.011127637714285713,0.0009365761742857143,0.005610184014285715,0.09754487220342857,0.008210026743788571,0.04917887306922857
1327104000,2012-01-21T00:00:00,0.011276861142857142,0.0009491358128571427,0.005685417492857143,0.09885296477828572,0.008320124535505714,0.049838369742385716
1327190400,2012-01-22T00:00:00,0.011303142857142857,0.0009513478571428572,0.005698667857142857,0.09908335028571427,0.008339515315714285,0.049954522435714285
1327276800,2012-01-23T00:00:00,0.01133238857142857,0.0009538093714285713,0.005713412571428571,0.09933971821714285,0.008361092949942858,0.05008377460114286
1327363200,2012-01-24T00:00:00,0.011208017142857143,0.0009433414428571428,0.0056507086428571425,0.09824947827428569,0.008269331088085714,0.049534111963285714
1327449600,2012-01-25T00:00:00,0.011493042857142857,0.0009673311071428571,0.0057944091071428575,0.10074801368571427,0.008479624485214285,0.05079379023321429
1327536000,2012-01-26T00:00:00,0.011432135999999999,0.00096220478,0.0057637019,0.10021410417599999,0.00843468710148,0.0505246108554
1327622400,2012-01-27T00:00:00,0.011457954857142858,0.0009643778671428572,0.005776718907142857,0.10044043227771428,0.008453736383374285,0.05063871794001429
1327708800,2012-01-28T00:00:00,0.011325833142857141,0.000953257622857143,0.005710107542857143,0.09928225333028572,0.008356256321965714,0.05005480272068572
1327795200,2012-01-29T00:00:00,0.011679077142857142,0.0009829889928571428,0.0058882013928571435,0.10237879023428571,0.008616881511385715,0.05161597340978571
1327881600,2012-01-30T00:00:00,0.011701362857142858,0.0009848647071428573,0.0058994371071428575,0.10257414680571428,0.008633324022814286,0.05171446568121429
1327968000,2012-01-31T00:00:00,0.011823947999999999,0.00099518229,0.00596124045,0.103648728168,0.00872376795414,0.052256233784700006
1328054400,2012-02-01T00:00:00,0.011745939428571427,0.0009886165685714285,0.005921911128571429,0.10296490503085716,0.008666212840097142,0.05191147295305715
1328140800,2012-02-02T00:00:00,0.011979966857142857,0.001008313877142857,0.006039899957142858,0.10501638946971428,0.008838879447034285,0.05294576302431429
1328227200,2012-02-03T00:00:00,0.012169419428571427,0.0010242594685714284,0.006135415628571429,0.10667713071085715,0.008978658501497141,0.053783053400057144
1328313600,2012-02-04T00:00:00,0.012357701142857143,0.0010401065128571427,0.006230340992857143,0.1083276082182857,0.009117573691705714,0.05461516914338571
1328400000,2012-02-05T00:00:00,0.012166119428571428,0.0010239817185714287,0.006133751878571429,0.10664820291085715,0.008976223744997142,0.053768468967557145
1328486400,2012-02-06T00:00:00,0.011965856571428572,0.0010071262614285714,0.006032786021428572,0.10489269870514285,0.008828468807682857,0.05288340226384286
1328572800,2012-02-07T00:00:00,0.011904946285714285,0.0010019996457142856,0.006002077085714285,0.10435875914057144,0.008783528894331429,0.05261420773337143
1328659200,2012-02-08T00:00:00,0.012038389714285714,0.0010132311342857143,0.006069354814285715,0.10552852423542856,0.008881984123148572,0.053203964302028575
1328745600,2012-02-09T00:00:00,0.011971237714285713,0.0010075791742857143,0.006035499014285714,0.10493986980342858,0.008832439041788572,0.05290718435922858
1328832000,2012-02-10T00:00:00,0.011832930857142859,0.0009959383471428572,0.005965769307142857,0.10372747189371427,0.008730395551054286,0.05229593374641429
1328918400,2012-02-11T00:00:00,0.011792302285714287,0.0009925187757142857,0.005945285735714287,0.10337132183657143,0.008700419587911429,0.05211637475927144
1329004800,2012-02-12T00:00:00,0.011980421142857144,0.0010083521128571428,0.006040128992857143,0.1050203717382857,0.008839214621305715,0.05294777075138572
1329091200,2012-02-13T00:00:00,0.011874601714285714,0.0009994456442857145,0.005986778364285715,0.10409275862742857,0.008761140517808573,0.052480099141328576
1329177600,2012-02-14T00:00:00,0.01188636,0.0010004353000000001,0.0059927065,0.10419583176,0.008769815839800002,0.052532065179000005
1329264000,2012-02-15T00:00:00,0.011757032571428572,0.0009895502414285714,0.005927503921428572,0.10306214752114286,0.008674397416362858,0.051960499375242865
1329350400,2012-02-16T00:00:00,0.011674734857142858,0.0009826235171428571,0.005886012157142858,0.10234072575771429,0.008613677751274288,0.05159678256951429
1329436800,2012-02-17T00:00:00,0.011839338857142858,0.000996477687142857,0.005969000007142858,0.10378364442171428,0.008735123405494287,0.052324254062614296
1329523200,2012-02-18T00:00:00,0.012083264571428571,0.0010170081014285715,0.006091979221428572,0.10592189723314285,0.008915093017122858,0.05340228985504286
1329609600,2012-02-19T00:00:00,0.012078756,0.00101662863,0.00608970615,0.105882375096,0.00891176657058,0.053382364110900006
1329696000,2012-02-20T00:00:00,0.012110036571428572,0.0010192614114285716,0.006105476771428572,0.10615658058514287,0.008934845532582858,0.05352060937834286
1329782400,2012-02-21T00:00:00,0.012000545142857144,0.0010100458828571429,0.006050274842857144,0.10519677872228572,0.008854062209125714,0.053036709272485716
1329868800,2012-02-22T00:00:00,0.012289938857142857,0.0010344031871428571,0.006196177507142858,0.10773360402171428,0.009067578338494286,0.054315692027614285
1329955200,2012-02-23T00:00:00,0.012614400000000001,0.001061712,0.00635976,0.1105778304,0.009306967392,0.05574965616
1330041600,2012-02-24T00:00:00,0.012574868571428572,0.0010583847714285715,0.006339829571428572,0.11023129789714285,0.009277800906342856,0.055574946023142856
1330128000,2012-02-25T00:00:00,0.012502594285714286,0.0010523016857142858,0.006303391285714287,0.10959774150857142,0.009224476576971428,0.05525552801057143
1330214400,2012-02-26T00:00:00,0.012408771428571429,0.0010444049285714288,0.00625608892857143,0.10877529034285714,0.009155253603857143,0.05484087554785715
1330300800,2012-02-27T00:00:00,0.012572967428571427,0.0010582247585714285,0.006338871078571429,0.11021463247885713,0.009276398233637143,0.055566543874757145
1330387200,2012-02-28T00:00:00,0.012936548571428572,0.0010888261714285716,0.006522176571428571,0.11340178477714284,0.009544650218742857,0.05717339982514286
1330473600,2012-02-29T00:00:00,0.013171114285714285,0.0011085687857142858,0.006640436785714287,0.11545798782857142,0.009717713975571429,0.05821006886357143
1330560000,2012-03-01T00:00:00,0.012995194285714285,0.0010937621857142858,0.006551743785714287,0.11391587310857142,0.009587919319971428,0.057432586025571435
1330646400,2012-03-02T00:00:00,0.012903600000000001,0.001086053,0.0065055650000000005,0.11311295759999998,0.009520340597999999,0.05702778279
1330732800,2012-03-03T00:00:00,0.01240992342857143,0.0010445018885714287,0.006256669728571429,0.10878538877485713,0.009156103555217144,0.05484596684065714
1330819200,2012-03-04T00:00:00,0.012398334857142855,0.001043526517142857,0.006250827157142857,0.10868380335771428,0.009147553449274285,0.05479475085951429
1330905600,2012-03-05T00:00:00,0.012441894857142857,0.0010471928171428572,0.006272788657142858,0.10906565031771429,0.009179692235074284,0.05498726536851429
1330992000,2012-03-06T00:00:00,0.012313032,0.00103634686,0.0062078203,0.10793603851199998,0.009084616574760002,0.0544177527498
1331078400,2012-03-07T00:00:00,0.012178186285714284,0.0010249973457142857,0.006139835585714287,0.10675398098057143,0.00898512673253143,0.05382179874437144
1331164800,2012-03-08T00:00:00,0.012397254857142857,0.0010434356171428571,0.006250282657142858,0.10867433607771429,0.009146756619874286,0.054789977772514285
1331251200,2012-03-09T00:00:00,0.012884472,0.00108444306,0.006495921300000001,0.11294528155200001,0.009506227863960002,0.056943246115800004
1331337600,2012-03-10T00:00:00,0.013547828571428569,0.0011402755714285714,0.006830363571428572,0.11876026525714287,0.009995655659142857,0.05987496706714286
1331424000,2012-03-11T00:00:00,0.01350955542857143,0.0011370542485714286,0.006811067528571429,0.11842476288685715,0.009967417542977142,0.059705817955457145
1331510400,2012-03-12T00:00:00,0.013777446857142857,0.0011596017771428571,0.006946129457142858,0.12077309914971428,0.010165069178434285,0.06088977082131429
1331596800,2012-03-13T00:00:00,0.014070846857142856,0.001184296277142857,0.007094051957142857,0.12334504354971429,0.010381541165434285,0.06218645945631429
1331683200,2012-03-14T00:00:00,0.013853989714285713,0.0011660441342857143,0.006984719814285716,0.12144407383542856,0.010221542881148571,0.06122805389202857
1331769600,2012-03-15T00:00:00,0.013407493714285715,0.0011284640542857142,0.006759611414285715,0.11753008989942856,0.009892115899868572,0.05925475365762857
1331856000,2012-03-16T00:00:00,0.013217396571428569,0.0011124642114285716,0.0066637707714285715,0.11586369834514285,0.009751861277382857,0.05841461458234286
1331942400,2012-03-17T00:00:00,0.013283088,0.00111799324,0.0066968902000000005,0.11643954940800001,0.009800328741840001,0.0587049394932
1332028800,2012-03-18T00:00:00,0.013616561142857142,0.001146060562857143,0.006865016242857143,0.11936277497828571,0.010046366894005716,0.06017873238488571
1332115200,2012-03-19T00:00:00,0.013324755428571427,0.0011215002485714285,0.006717897528571429,0.11680480608685714,0.009831071178977144,0.058889089735457145
1332201600,2012-03-20T00:00:00,0.013326555428571429,0.0011216517485714286,0.0067188050285714295,0.11682058488685712,0.009832399227977143,0.05889704488045714
1332288000,2012-03-21T00:00:00,0.01359621257142857,0.0011443478914285716,0.006854757171428571,0.11918439940114285,0.010031353616262858,0.06008880136474286
1332374400,2012-03-22T00:00:00,0.014069982857142855,0.0011842235571428573,0.007093616357142858,0.12333746972571427,0.010380903701914286,0.062182640986714284
1332460800,2012-03-23T00:00:00,0.013725695999999999,0.00115524608,0.006920038400000001,0.12031945113599998,0.010126887137280003,0.06066105661440001
1332547200,2012-03-24T00:00:00,0.013904444571428571,0.0011702907514285715,0.007010157471428572,0.12188636111314284,0.01025876872702286,0.061451040394542855
1332633600,2012-03-25T00:00:00,0.013866147428571427,0.0011670674085714288,0.006990849328571429,0.12155064835885714,0.010230512903537145,0.061281785214257145
1332720000,2012-03-26T00:00:00,0.013968301714285715,0.0011756653942857143,0.0070423521142857146,0.12244613282742856,0.010305882846308572,0.06173325863382857
1332806400,2012-03-27T00:00:00,0.013917233142857142,0.0011713671228571428,0.007016605042857143,0.12199846573028571,0.010268204198965717,0.061507559805685716
1332892800,2012-03-28T00:00:00,0.013815096,0.00116277058,0.0069651109,0.12110313153599998,0.010192846904280002,0.06105616214940001
1332979200,2012-03-29T00:00:00,0.013718273142857142,0.0011546213228571431,0.006916296042857143,0.12025438237028571,0.010121410516165715,0.060628251111685724
1333065600,2012-03-30T00:00:00,0.014244102857142856,0.0011988786571428573,0.007181401857142858,0.12486380564571428,0.010509370308514288,0.06295216867971429
1333152000,2012-03-31T00:00:00,0.014251165714285712,0.0011994731142857143,0.007184962714285715,0.12492571865142856,0.010514581319828572,0.06298338315342858
1333238400,2012-04-01T00:00:00,0.014214839999999998,0.0011964157000000002,0.0071666485,0.12460728743999998,0.0104877800262,0.062822840751
1333324800,2012-04-02T00:00:00,0.013894738285714286,0.0011694738057142857,0.007005263885714286,0.12180127581257141,0.010251607380891427,0.06140814322217143
1333411200,2012-04-03T00:00:00,0.013746435428571428,0.0011569916485714286,0.006930494528571429,0.12050125296685714,0.010142188791377143,0.06075271503745715
1333497600,2012-04-04T00:00:00,0.013730183999999998,0.00115562382,0.006922301100000001,0.120358792944,0.01013019840612,0.060680891442600006
1333584000,2012-04-05T00:00:00,0.013431401142857142,0.0011304762628571428,0.006771664742857143,0.1177396624182857,0.009909754920205713,0.05936041313588571
1333670400,2012-04-06T00:00:00,0.013181903999999998,0.0011094769199999999,0.0066458766,0.115552570464,0.00972567468072,0.058257754275599996
1333756800,2012-04-07T00:00:00,0.012613601142857143,0.0010616447628571427,0.006359357242857143,0.11057082761828571,0.009306377991205714,0.055746125590885716
1333843200,2012-04-08T00:00:00,0.012724498285714285,0.0010709786057142858,0.006415267885714286,0.11154295197257144,0.009388198457691429,0.05623623828617143
1333929600,2012-04-09T00:00:00,0.013140325714285713,0.0011059774142857142,0.006624914214285715,0.11518809521142857,0.00969499801362857,0.05807399800242857
1334016000,2012-04-10T00:00:00,0.013334382857142857,0.001122310557142857,0.006722751357142858,0.11688920012571427,0.009838174343914286,0.058931638396714295
1334102400,2012-04-11T00:00:00,0.01338984,0.0011269782,0.006750711,0.11737533744000002,0.009879090901199998,0.059176732626000005
1334188800,2012-04-12T00:00:00,0.013512291428571428,0.0011372845285714285,0.006812446928571429,0.11844874666285714,0.009969436177457143,0.059717909775857156
1334275200,2012-04-13T00:00:00,0.013281109714285715,0.0011178267342857144,0.006695892814285715,0.11642220775542857,0.00979886915274857,0.05869619641002859
1334361600,2012-04-14T00:00:00,0.013362109714285713,0.0011246442342857145,0.006736730314285716,0.11713225375542859,0.009858631357748572,0.05905417793502858
1334448000,2012-04-15T00:00:00,0.012721724571428571,0.0010707451514285714,0.006413869471428572,0.11151863759314286,0.009386151997422857,0.056223979786542866
1334534400,2012-04-16T00:00:00,0.012715004571428571,0.0010701795514285715,0.006410481471428572,0.11145973007314285,0.009381193947822858,0.056194280578542866
1334620800,2012-04-17T00:00:00,0.012492713142857144,0.001051470022857143,0.006298409542857144,0.10951112341028571,0.009217186220365714,0.05521185805268571
1334707200,2012-04-18T00:00:00,0.012286347428571428,0.0010341009085714286,0.006194366828571429,0.10770212155885714,0.009064928564537143,0.05429981961925715
1334793600,2012-04-19T00:00:00,0.012653256,0.00106498238,0.006379349900000002,0.110918442096,0.009335635543080001,0.055921381223400006
1334880000,2012-04-20T00:00:00,0.013070094857142856,0.0011000663171428571,0.006589506157142858,0.1145724515177143,0.009643181336074285,0.05776361097351429
1334966400,2012-04-21T00:00:00,0.013271780571428572,0.0011170415314285715,0.006691189371428571,0.11634042848914286,0.009791986064502859,0.05865496602994286
1335052800,2012-04-22T00:00:00,0.013715519999999998,0.0011543896,0.006914908000000002,0.12023024832,0.0101193792336,0.060616083528000006
1335139200,2012-04-23T00:00:00,0.013513817142857142,0.0011374129428571428,0.006813216142857144,0.1184621210742857,0.009970561857085714,0.05972465270828572
1335225600,2012-04-24T00:00:00,0.013554154285714284,0.0011408079857142856,0.006833552785714287,0.11881571646857145,0.010000322802771428,0.059902923719571434
1335312000,2012-04-25T00:00:00,0.013513815428571429,0.0011374127985714286,0.006813215278571429,0.11846210604685714,0.009970560592277144,0.059724645131957146
1335398400,2012-04-26T00:00:00,0.013486935428571429,0.0011351503985714286,0.006799663278571429,0.11822647596685713,0.009950728393877143,0.05960584829995714
1335484800,2012-04-27T00:00:00,0.013171198285714286,0.0011085758557142858,0.0066404791357142865,0.11545872417257143,0.009717775951191429,0.058210440103671435
1335571200,2012-04-28T00:00:00,0.013054506857142855,0.001098754327142857,0.006581647207142859,0.11443580710971428,0.009631680431734287,0.05769471941781429
1335657600,2012-04-29T00:00:00,0.013473169714285712,0.0011339917842857143,0.006792723064285715,0.11810580571542857,0.009940571981048573,0.05954501038152858
1335744000,2012-04-30T00:00:00,0.013959066857142858,0.0011748881271428572,0.007037696207142859,0.1223651800697143,0.010299069322534287,0.061692444951814286
1335830400,2012-05-01T00:00:00,0.014288929714285714,0.0012026515842857143,0.007204002064285715,0.1252567578754286,0.010542443787848571,0.06315028209552857
1335916800,2012-05-02T00:00:00,0.014509594285714284,0.0012212241857142857,0.007315253785714287,0.1271911035085714,0.010705251211971427,0.06412551468557144
1336003200,2012-05-03T00:00:00,0.014443731428571428,0.0012156807285714287,0.00728204792857143,0.12661374970285713,0.010656657266657144,0.06383443214185715
1336089600,2012-05-04T00:00:00,0.014758491428571427,0.0012421730285714287,0.007440739428571429,0.12937293586285714,0.010888888768457143,0.06522552183085714
1336176000,2012-05-05T00:00:00,0.014951331428571428,0.0012584037285714286,0.007537962928571429,0.13106337130285714,0.011031167084657142,0.06607778303185716
1336262400,2012-05-06T00:00:00,0.01475850857142857,0.0012421744714285715,0.007440748071428573,0.12937308613714285,0.010888901416542857,0.06522559759414286
1336348800,2012-05-07T00:00:00,0.014642811428571425,0.0012324366285714286,0.00738241742857143,0.12835888498285714,0.010803539486057143,0.06471427117885716
1336435200,2012-05-08T00:00:00,0.014719954285714284,0.0012389294857142858,0.007421310285714286,0.12903511926857142,0.010860455871771429,0.06505520596457144
1336521600,2012-05-09T00:00:00,0.01507302857142857,0.0012686465714285714,0.007599318571428572,0.13213016845714284,0.011120955845142859,0.06661562659714286
1336608000,2012-05-10T00:00:00,0.01495998857142857,0.0012591323714285715,0.007542327571428572,0.13113925981714283,0.011037554367942858,0.06611604349114285
1336694400,2012-05-11T00:00:00,0.01500229714285714,0.0012626933428571427,0.007563658142857144,0.13151013675428572,0.011068769843485716,0.06630302728028571
1336780800,2012-05-12T00:00:00,0.014745942857142855,0.0012411168571428571,0.007434412857142858,0.12926293508571426,0.010879630369714286,0.06517006310571428
1336867200,2012-05-13T00:00:00,0.014705382857142858,0.0012377030571428572,0.007413963857142858,0.12890738612571426,0.010849704998914286,0.0649908071717143
1336953600,2012-05-14T00:00:00,0.014572920000000001,0.0012265541000000002,0.007347180500000001,0.12774621672,0.0107519732406,0.064405384263
1337040000,2012-05-15T00:00:00,0.01423038857142857,0.0011977243714285713,0.007174487571428571,0.12474358621714286,0.010499251839942858,0.06289155805114285
1337126400,2012-05-16T00:00:00,0.013736091428571429,0.0011561210285714288,0.006925279428571429,0.12041057746285713,0.010134556936457142,0.06070699947085715
1337212800,2012-05-17T00:00:00,0.013544082857142857,0.0011399603071428571,0.006828475107142858,0.11872743032571428,0.009992892052414286,0.05985841278921429
1337299200,2012-05-18T00:00:00,0.01357362,0.00114244635,0.006843366750000001,0.11898635292,0.0100146847041,0.0599889529305
1337385600,2012-05-19T00:00:00,0.013883785714285715,0.0011685519642857143,0.006999741964285716,0.12170526557142856,0.010243526518928571,0.06135973805892858
1337472000,2012-05-20T00:00:00,0.013854231428571426,0.0011660644785714284,0.0069848416785714285,0.12144619270285714,0.010221721219157142,0.06122912215435715
1337558400,2012-05-21T00:00:00,0.013662214285714286,0.0011499030357142858,0.0068880330357142866,0.11976297042857142,0.010080050011071429,0.06038049759107143
1337644800,2012-05-22T00:00:00,0.013440658285714285,0.0011312554057142858,0.006776331885714286,0.11782081053257143,0.009916584886491428,0.059401325310171435
1337731200,2012-05-23T00:00:00,0.013573601142857144,0.001142444762857143,0.006843357242857144,0.11898618761828571,0.010014670791205714,0.05998886959088572
1337817600,2012-05-24T00:00:00,0.013664141142857144,0.0011500652128571427,0.006889004492857144,0.11977986125828573,0.010081471655905713,0.06038901338438572
1337904000,2012-05-25T00:00:00,0.013163110285714288,0.0011078951157142858,0.006636401435714286,0.11538782476457143,0.009711808584351429,0.05817469498547144
1337990400,2012-05-26T00:00:00,0.012887727428571428,0.0010847170585714285,0.00649756257857143,0.11297381863885714,0.009508629735437143,0.05695763356375715
1338076800,2012-05-27T00:00:00,0.013005310285714286,0.0010946136157142857,0.006556843935714286,0.11400454996457142,0.009595382955351428,0.05747729394047144
1338163200,2012-05-28T00:00:00,0.013069647428571427,0.0011000286585714286,0.00658928057857143,0.11456852935885713,0.009642851221037143,0.057761633551757154
1338249600,2012-05-29T00:00:00,0.013079504571428572,0.0011008583014285715,0.006594250221428573,0.11465493707314285,0.009650123870322855,0.057805197441042865
1338336000,2012-05-30T00:00:00,0.012935607428571428,0.0010887469585714284,0.00652170207857143,0.11339353471885714,0.009543955838837144,0.057169240420757154
1338422400,2012-05-31T00:00:00,0.013002858857142858,0.0010944072871428572,0.006555608007142858,0.11398306074171427,0.009593574279094286,0.05746645979061429
1338508800,2012-06-01T00:00:00,0.01342318114285714,0.0011297844128571428,0.006767520492857143,0.1176676058982857,0.009903690163105714,0.05932408464038571
1338595200,2012-06-02T00:00:00,0.013667226857142856,0.0011503249271428572,0.006890560207142857,0.11980691062971428,0.010083748311334285,0.0604026507758143
1338681600,2012-06-03T00:00:00,0.013585884000000001,0.0011434785700000002,0.00684954985,0.11909385914399999,0.01002373314462,0.06004315398510001
1338768000,2012-06-04T00:00:00,0.013762146857142856,0.0011583140271428573,0.006938415707142857,0.12063897934971426,0.010153780761934286,0.0608221520888143
1338854400,2012-06-05T00:00:00,0.014046874285714286,0.0011822785857142858,0.007081965785714286,0.12313489998857143,0.01036385408237143,0.06208051207757143
1338940800,2012-06-06T00:00:00,0.01434516,0.0012073843,0.0072323515,0.12574967256,0.0105839307738,0.06339879324900001
1339027200,2012-06-07T00:00:00,0.014356234285714285,0.001208316385714286,0.007237934785714287,0.12584674974857143,0.010592101437171429,0.06344773633157144
1339113600,2012-06-08T00:00:00,0.014197594285714285,0.0011949641857142857,0.007157953785714286,0.12445611150857142,0.010475056051971429,0.06274662288557144
1339200000,2012-06-09T00:00:00,0.014335234285714288,0.001206548885714286,0.007227347285714287,0.1256626637485714,0.01057660753217143,0.06335492630657144
1339286400,2012-06-10T00:00:00,0.014500319999999999,0.0012204436000000003,0.007310578000000001,0.12710980511999997,0.010698408597600002,0.064084526748
1339372800,2012-06-11T00:00:00,0.014287508571428572,0.0012025319714285714,0.007203285571428572,0.12524430013714286,0.010541395261542857,0.06314400131914286
1339459200,2012-06-12T00:00:00,0.01439904,0.0012119192000000002,0.007259516000000001,0.12622198463999998,0.0106236837072,0.063636917256
1339545600,2012-06-13T00:00:00,0.014348262857142857,0.001207645457142857,0.007233915857142858,0.1257768722057143,0.010586220077314286,0.06341250640371429
1339632000,2012-06-14T00:00:00,0.014570742857142858,0.0012263708571428572,0.007346082857142858,0.12772713188571427,0.010750366933714285,0.0643957623257143
1339718400,2012-06-15T00:00:00,0.014813588571428572,0.0012468103714285714,0.007468517571428572,0.12985591741714284,0.010929539715942859,0.06546902503114287
1339804800,2012-06-16T00:00:00,0.01461121714285714,0.001229777442857143,0.007366488642857144,0.1280819294742857,0.010780229064085713,0.06457463944328572
1339891200,2012-06-17T00:00:00,0.014584234285714285,0.0012275063857142856,0.0073528847857142875,0.12784539774857143,0.010760320977171427,0.06445538803157144
1339977600,2012-06-18T00:00:00,0.015056434285714284,0.0012672498857142858,0.007590952285714286,0.13198470294857143,0.011108712498171427,0.06654228773657143
1340064000,2012-06-19T00:00:00,0.014935011428571428,0.0012570301285714286,0.00752973492857143,0.13092031018285713,0.011019126107057143,0.06600565638385715
1340150400,2012-06-20T00:00:00,0.014924982857142857,0.0012561860571428571,0.0075246788571428575,0.13083239972571428,0.011011726976914285,0.0659613348617143
1340236800,2012-06-21T00:00:00,0.014821337142857143,0.0012474625428571427,0.007472424142857144,0.1299238413942857,0.010935256650685713,0.06550327003628573
1340323200,2012-06-22T00:00:00,0.014706651428571428,0.0012378098285714286,0.007414603428571429,0.12891850642285713,0.010850640957257142,0.06499641365485716
1340409600,2012-06-23T00:00:00,0.015014982857142858,0.001263761057142857,0.007570053857142858,0.13162133972571427,0.011078129426914286,0.0663590921117143
1340496000,2012-06-24T00:00:00,0.014729845714285716,0.0012397620142857145,0.007426297214285714,0.12912182753142856,0.01086775381722857,0.06509892138042858
1340582400,2012-06-25T00:00:00,0.014634702857142858,0.0012317541571428572,0.007378329357142858,0.1282878052457143,0.010797556941514285,0.06467843514471429
1340668800,2012-06-26T00:00:00,0.01484376,0.0012493498,0.007483729000000001,0.13012040016,0.010951800346800001,0.06560236841400001
1340755200,2012-06-27T00:00:00,0.01522836,0.0012817203000000002,0.007677631500000001,0.13349180376,0.0112355601498,0.06730211772900001
1340841600,2012-06-28T00:00:00,0.015243068571428571,0.0012829582714285713,0.007685047071428572,0.13362073909714287,0.011246412207342857,0.06736712262814286
1340928000,2012-06-29T00:00:00,0.015360771428571429,0.0012928649285714286,0.007744388928571429,0.13465252234285716,0.011333253963857143,0.06788731334785715
1341014400,2012-06-30T00:00:00,0.014889942857142858,0.001253236857142857,0.007507012857142858,0.13052523908571428,0.010985874289714285,0.0658064747057143
1341100800,2012-07-01T00:00:00,0.01505178857142857,0.0012668588714285713,0.007588610071428572,0.13194397861714285,0.011105284866942858,0.06652175588614286
1341187200,2012-07-02T00:00:00,0.015022371428571426,0.0012643829285714284,0.00757377892857143,0.13168610794285712,0.011083580751857142,0.06639174608785715
1341273600,2012-07-03T00:00:00,0.015184217142857143,0.0012780049428571427,0.007655376142857143,0.13310484747428572,0.011202991329085712,0.06710702726828573
1341360000,2012-07-04T00:00:00,0.015010971428571428,0.0012634234285714284,0.0075680314285714295,0.13158617554285715,0.011075169774857143,0.06634136350285715
1341446400,2012-07-05T00:00:00,0.015144514285714285,0.0012746632857142859,0.007635359285714286,0.1327568122285714,0.011173698362571429,0.06693155949857144
1341532800,2012-07-06T00:00:00,0.015309805714285711,0.0012885753142857141,0.007718693714285714,0.13420575689142855,0.01129565120502857,0.06766206909942858
1341619200,2012-07-07T00:00:00,0.015845262857142856,0.001333642957142857,0.007988653357142857,0.13889957420571428,0.011690714162314287,0.0700285353287143
1341705600,2012-07-08T00:00:00,0.01603956,0.0013499962999999997,0.0080866115,0.14060278296,0.011834067565799999,0.070887236409
1341792000,2012-07-09T00:00:00,0.016235965714285712,0.0013665271142857141,0.008185632714285714,0.14232447545142857,0.01197897668382857,0.07175525637342858
1341878400,2012-07-10T00:00:00,0.016120645714285713,0.0013568210142857141,0.008127492214285714,0.14131358033142855,0.011893893011228573,0.07124559675042859
1341964800,2012-07-11T00:00:00,0.015895611428571425,0.0013378806285714287,0.008014037428571428,0.13934092978285714,0.011727861590057145,0.07025105209885715
1342051200,2012-07-12T00:00:00,0.015985165714285713,0.001345418114285714,0.008059187714285715,0.14012596265142857,0.011793935189828571,0.07064683950342858
1342137600,2012-07-13T00:00:00,0.01610456571428571,0.001355467614285714,0.008119385214285716,0.14117262305142858,0.011882029106828573,0.07117453078842859
1342224000,2012-07-14T00:00:00,0.016029942857142855,0.0013491868571428572,0.008081762857142858,0.14051847908571427,0.011826971989714285,0.0708447332057143
1342310400,2012-07-15T00:00:00,0.015835902857142856,0.001332855157142857,0.007983934357142857,0.1388175244457143,0.011683808307514285,0.06998716857471429
1342396800,2012-07-16T00:00:00,0.01564188,0.0013165249,0.007886114500000001,0.13711672008,0.011540657273400002,0.069129679707
1342483200,2012-07-17T00:00:00,0.016038805714285714,0.0013499328142857145,0.008086231214285715,0.14059617089142856,0.011833511050028571,0.07088390282442858
1342569600,2012-07-18T00:00:00,0.016504062857142857,0.001389091957142857,0.008320798357142858,0.1446746150057143,0.012176780096314286,0.0729401183987143
1342656000,2012-07-19T00:00:00,0.016412399999999997,0.001381377,0.008274585000000001,0.14387109839999998,0.012109150782000002,0.07253501211
1342742400,2012-07-20T00:00:00,0.016333491428571427,0.0013747355285714286,0.00823480192857143,0.14317938586285714,0.012050931643457144,0.07218627370585716
1342828800,2012-07-21T00:00:00,0.016173085714285714,0.0013612347142857144,0.008153930714285716,0.1417732693714286,0.011932583505428572,0.07147735664142858
1342915200,2012-07-22T00:00:00,0.01654878857142857,0.0013928563714285713,0.008343347571428572,0.14506668061714287,0.012209778951942859,0.07313778481114286
1343001600,2012-07-23T00:00:00,0.01655256,0.0013931737999999998,0.008345249,0.14509974095999997,0.0122125615308,0.07315445273400001
1343088000,2012-07-24T00:00:00,0.01647750857142857,0.0013868569714285714,0.008307410571428572,0.14444184013714284,0.012157188211542857,0.07282276106914287
1343174400,2012-07-25T00:00:00,0.016557034285714287,0.0013935503857142857,0.008347504785714286,0.14513896254857142,0.012215862681171427,0.07317422695157143
1343260800,2012-07-26T00:00:00,0.017097805714285715,0.001439065314285714,0.008620143714285714,0.14987936489142856,0.012614846545028572,0.07556417979942857
1343347200,2012-07-27T00:00:00,0.01757494285714286,0.001479224357142857,0.008860700357142858,0.15406194908571427,0.012966880714714284,0.0776728993307143
1343433600,2012-07-28T00:00:00,0.017765811428571428,0.0014952891285714284,0.00895692992857143,0.15573510298285712,0.013107704501057141,0.07851644775385716
1343520000,2012-07-29T00:00:00,0.01794077142857143,0.0015100149285714286,0.009045138928571431,0.15726880234285714,0.013236790863857142,0.07928968784785716
1343606400,2012-07-30T00:00:00,0.018630942857142858,0.0015681043571428572,0.009393100357142858,0.16331884508571431,0.013746002794714286,0.0823399177307143
1343692800,2012-07-31T00:00:00,0.018326537142857143,0.001542483542857143,0.009239629142857144,0.16065042459428572,0.013521410736685713,0.08099458906628573
1343779200,2012-08-01T00:00:00,0.01810745142857143,0.0015240438285714284,0.00912917342857143,0.15872991922285715,0.013359768201257144,0.08002633427485716
1343865600,2012-08-02T00:00:00,0.01828326857142857,0.0015388417714285714,0.009217814571428572,0.16027113229714285,0.013489486968342857,0.08080336253314287
1343952000,2012-08-03T00:00:00,0.018263862857142855,0.0015372084571428572,0.009208030857142857,0.16010102180571426,0.013475169335314287,0.0807175984937143
1344038400,2012-08-04T00:00:00,0.018537942857142855,0.0015602768571428573,0.009346212857142858,0.16250360708571426,0.013677386929714288,0.0819289019057143
1344124800,2012-08-05T00:00:00,0.0183102,0.0015411085000000002,0.009231392500000001,0.1605072132,0.013509357110999999,0.080922386655
1344211200,2012-08-06T00:00:00,0.017807279999999998,0.0014987794000000001,0.008977837,0.15609861647999998,0.013138300220399999,0.07869971914200001
1344297600,2012-08-07T00:00:00,0.018397371428571428,0.0015484454285714286,0.00927534142857143,0.1612713579428571,0.013573672626857143,0.08130764296285717
1344384000,2012-08-08T00:00:00,0.018952765714285714,0.0015951911142857143,0.009555352714285715,0.16613994425142856,0.01398344530782857,0.08376222189342859
1344470400,2012-08-09T00:00:00,0.019039542857142856,0.0016024948571428572,0.009599102857142858,0.16690063268571428,0.014047469917714286,0.08414573564571429
1344556800,2012-08-10T00:00:00,0.018935417142857142,0.0015937309428571429,0.009546606142857144,0.1659878666742857,0.013970645445085713,0.08368554944828573
1344643200,2012-08-11T00:00:00,0.019143685714285714,0.0016112602142857144,0.009651608214285715,0.16781354897142856,0.01412430703842857,0.08460599760642859
1344729600,2012-08-12T00:00:00,0.019602497142857143,0.0016498768428571428,0.009882925642857143,0.17183548995428571,0.014462820404485714,0.08663372618528573
1344816000,2012-08-13T00:00:00,0.020159862857142857,0.0016967884571428573,0.010163930857142858,0.17672135780571427,0.014874047615314287,0.0890970178937143
1344902400,2012-08-14T00:00:00,0.02024466857142857,0.0017039262714285716,0.010206687071428574,0.17746476469714284,0.014936617695342857,0.08947181886814286
1344988800,2012-08-15T00:00:00,0.02048146285714286,0.0017238564571428572,0.010326070857142858,0.17954050340571429,0.015111325703314287,0.0905183371337143
1345075200,2012-08-16T00:00:00,0.02040612,0.0017175151,0.0102880855,0.17888004791999995,0.0150557373666,0.09018535749300001
1345161600,2012-08-17T00:00:00,0.020275045714285712,0.0017064830142857143,0.010222002214285717,0.17773105073142856,0.014959030103228571,0.08960607141042858
1345248000,2012-08-18T00:00:00,0.02017841142857143,0.0016983496285714287,0.01017328242857143,0.17688395458285713,0.014887732844057143,0.08917899376885716
1345334400,2012-08-19T00:00:00,0.020705074285714286,0.001742677085714286,0.010438808285714288,0.1815006811885714,0.01527630733337143,0.09150659343257143
1345420800,2012-08-20T00:00:00,0.02096645142857143,0.0017646763285714285,0.01057058592857143,0.18379191322285712,0.015469152696257144,0.09266175624985715
1345507200,2012-08-21T00:00:00,0.021265182857142854,0.0017898195571428572,0.01072119635714286,0.18641059292571427,0.015689558237914285,0.09398200726671431
1345593600,2012-08-22T00:00:00,0.02105981142857143,0.0017725341285714285,0.010617654928571429,0.18461030698285713,0.015538034171057143,0.09307436310385715
1345680000,2012-08-23T00:00:00,0.021265182857142857,0.0017898195571428572,0.010721196357142857,0.18641059292571427,0.015689558237914285,0.09398200726671428
1345766400,2012-08-24T00:00:00,0.021451885714285714,0.0018055337142857144,0.010815325714285716,0.18804723017142858,0.015827308539428573,0.09480714521142859
1345852800,2012-08-25T00:00:00,0.021490148571428568,0.0018087541714285715,0.010834616571428571,0.18838264237714283,0.01585553906674286,0.09497624886514287
1345939200,2012-08-26T00:00:00,0.021815142857142856,0.0018361078571428571,0.010998467857142856,0.19123154228571426,0.016095321475714287,0.09641256923571428
1346025600,2012-08-27T00:00:00,0.021582342857142854,0.0018165138571428572,0.010881097857142858,0.18919081748571426,0.015923560471714285,0.09538370381571429
1346112000,2012-08-28T00:00:00,0.021493011428571428,0.0018089951285714286,0.010836059928571428,0.18840773818285714,0.015857651297057143,0.09498890133385715
1346198400,2012-08-29T00:00:00,0.022074651428571426,0.001857949828571429,0.01112930342857143,0.19350639442285714,0.016286788197257145,0.09755947385485715
1346284800,2012-08-30T00:00:00,0.022197068571428568,0.0018682532714285713,0.011191022071428572,0.19457950309714284,0.016377108177342857,0.09810049947814285
1346371200,2012-08-31T00:00:00,0.02234569714285714,0.0018807628428571428,0.011265955642857145,0.19588238115428572,0.016486767080485715,0.09875736716528571
1346457600,2012-09-01T00:00:00,0.022836822857142856,0.0019220992571428572,0.011513564857142859,0.2001875891657143,0.016849122088114288,0.10092790953771429
1346544000,2012-09-02T00:00:00,0.022524839999999997,0.0018958407,0.011356273500000002,0.19745274744000002,0.0166189395762,0.09954909350100001
1346630400,2012-09-03T00:00:00,0.022774422857142856,0.001916847257142857,0.01148210485714286,0.1996405907657143,0.016803083056114287,0.10065213117771431
1346716800,2012-09-04T00:00:00,0.02281601142857143,0.0019203476285714284,0.01150307242857143,0.20000515618285716,0.016833767312057143,0.10083593290885716
1346803200,2012-09-05T00:00:00,0.023065594285714284,0.0019413541857142855,0.011628903785714286,0.20219299950857142,0.017017910791971427,0.10193897058557144
1346889600,2012-09-06T00:00:00,0.023503405714285715,0.001978203314285714,0.011849633714285714,0.20603085449142858,0.01734093025302857,0.10387388913942859
1346976000,2012-09-07T00:00:00,0.02444856,0.0020577538,0.012326149,0.21431607696000002,0.018038269810800003,0.108051022134
1347062400,2012-09-08T00:00:00,0.024428914285714285,0.0020561002857142855,0.012316244285714286,0.2141438626285714,0.01802377510457143,0.10796419740857144
1347148800,2012-09-09T00:00:00,0.024668280000000004,0.0020762468999999998,0.0124369245,0.21624214248,0.0182003803254,0.109022080167
1347235200,2012-09-10T00:00:00,0.02484661714285714,0.0020912569428571427,0.012526836142857142,0.2178054458742857,0.018331958361085716,0.10981024562828572
1347321600,2012-09-11T00:00:00,0.02499336,0.0021036078000000002,0.012600819000000001,0.21909179376000001,0.0184402259748,0.11045877935400002
1347408000,2012-09-12T00:00:00,0.024808114285714285,0.002088016285714286,0.012507424285714287,0.2174679298285714,0.01830355076057143,0.10964008128857143
1347494400,2012-09-13T00:00:00,0.02415186857142857,0.0020327822714285714,0.012176567071428572,0.21171527989714287,0.01781936939134286,0.10673978694814287
1347580800,2012-09-14T00:00:00,0.024014108571428574,0.0020211874714285713,0.012107113071428572,0.21050767573714285,0.017717729374542857,0.10613095318414287
1347667200,2012-09-15T00:00:00,0.023991137142857142,0.002019254042857143,0.012095531642857146,0.21030630819428572,0.017700780939685714,0.10602943038128572
1347753600,2012-09-16T00:00:00,0.024037045714285714,0.0020231180142857145,0.012118677214285714,0.21070874273142853,0.01773465251322857,0.10623232446042856
1347840000,2012-09-17T00:00:00,0.02445029142857143,0.0020578995285714286,0.01232702192857143,0.21433125466285713,0.018039547267457146,0.10805867422585713
1347926400,2012-09-18T00:00:00,0.02495535428571428,0.0021004089857142856,0.012581657785714285,0.2187586356685714,0.01841218516877143,0.11029081214957144
1348012800,2012-09-19T00:00:00,0.024660034285714286,0.0020755528857142854,0.012432767285714286,0.2161698605485714,0.018194296596171427,0.10898563802657144
1348099200,2012-09-20T00:00:00,0.025385434285714287,0.0021366073857142856,0.012798489785714287,0.2225287169485714,0.01872950034317143,0.11219156146157143
1348185600,2012-09-21T00:00:00,0.025791102857142856,0.002170751157142857,0.013003014357142859,0.22608480764571426,0.019028804643514283,0.1139844238547143
1348272000,2012-09-22T00:00:00,0.026317131428571425,0.0022150252285714285,0.013268220428571429,0.2306959741028571,0.019416911153657145,0.11630922027685717
1348358400,2012-09-23T00:00:00,0.026477279999999995,0.0022285044,0.013348962000000002,0.23209983648,0.0195350695704,0.11701700089200003
1348444800,2012-09-24T00:00:00,0.026354674285714284,0.002218185085714285,0.013287148285714286,0.2310250747885714,0.01944461046137143,0.11647514187257145
1348531200,2012-09-25T00:00:00,0.02591333142857143,0.0021810387285714286,0.01306463792857143,0.22715626330285713,0.019118985494657143,0.11452461608185716
1348617600,2012-09-26T00:00:00,0.026067205714285713,0.0021939898142857143,0.013142216214285714,0.22850512529142855,0.019232514712028574,0.11520466733442859
1348704000,2012-09-27T00:00:00,0.026286874285714284,0.0022124785857142856,0.013252965785714286,0.23043073998857141,0.01939458728237143,0.11617549807757144
1348790400,2012-09-28T00:00:00,0.026018399999999997,0.002189882,0.01311761,0.2280772944,0.019196505612000002,0.11498896926000002
1348876800,2012-09-29T00:00:00,0.026286891428571428,0.0022124800285714284,0.01325297442857143,0.23043089026285712,0.019394599930457144,0.11617557384085717
1348963200,2012-09-30T00:00:00,0.02631130285714286,0.0022145346571428573,0.013265281857142857,0.23064488084571425,0.019412610804514285,0.1162834607597143
1349049600,2012-10-01T00:00:00,0.02577433714285714,0.0021693400428571433,0.012994561642857144,0.22593783939428572,0.019016434815685716,0.11391032736128573
1349136000,2012-10-02T00:00:00,0.025945199999999998,0.002183721,0.013080705,0.22743562320000002,0.019142498286000002,0.11466546003000001
1349222400,2012-10-03T00:00:00,0.025978885714285714,0.0021865562142857143,0.013097688214285714,0.22773091217142855,0.019167351774428572,0.11481433488642857
1349308800,2012-10-04T00:00:00,0.025459319999999997,0.0021428261000000005,0.0128357405,0.22317639911999998,0.018784013592600003,0.11251810122300002
1349395200,2012-10-05T00:00:00,0.025143119999999998,0.0021162126,0.012676323000000001,0.22040458991999998,0.018550719651599996,0.111120647418
1349481600,2012-10-06T00:00:00,0.025077428571428573,0.0021106835714285715,0.012643203571428572,0.21982873885714285,0.018502252187142857,0.11083032250714285
1349568000,2012-10-07T00:00:00,0.024450479999999997,0.0020579154,0.012327117,0.21433290768,0.0180396863964,0.108059507622
1349654400,2012-10-08T00:00:00,0.02588658857142857,0.002178787871428571,0.013051155071428571,0.22692183541714286,0.019099254480942855,0.11440642535614286
1349740800,2012-10-09T00:00:00,0.026019462857142857,0.002189971457142857,0.013118145857142858,0.2280866114057143,0.019197289793314285,0.11499366658371431
1349827200,2012-10-10T00:00:00,0.026447314285714285,0.0022259822857142856,0.013333854285714288,0.2318371570285714,0.01951296071657143,0.11688456666857146
1349913600,2012-10-11T00:00:00,0.02662952571428571,0.0022413184142857146,0.013425719214285717,0.2334344224114286,0.019647397219628573,0.11768985463242856
1350000000,2012-10-12T00:00:00,0.026967925714285714,0.0022698004142857144,0.013596329214285715,0.23640083681142857,0.019897070431628573,0.11918542189242858
1350086400,2012-10-13T00:00:00,0.02678571428571428,0.002254464285714286,0.013504464285714288,0.23480357142857144,0.019762633928571433,0.11838013392857145
1350172800,2012-10-14T00:00:00,0.026837777142857143,0.002258846242857143,0.013530712642857145,0.2352599544342857,0.019801046164885715,0.11861022702728573
1350259200,2012-10-15T00:00:00,0.026603485714285714,0.002239126714285714,0.013412590714285716,0.23320615577142853,0.019628184777428576,0.11757477020142858
1350345600,2012-10-16T00:00:00,0.026943685714285712,0.0022677602142857143,0.013584108214285715,0.23618834897142857,0.019879186038428576,0.11907829260642858
1350432000,2012-10-17T00:00:00,0.026782885714285713,0.0022542262142857144,0.013503038214285714,0.2347787761714286,0.019760546994428575,0.11836763298642858
1350518400,2012-10-18T00:00:00,0.02730114857142857,0.0022978466714285713,0.013764329071428574,0.23932186837714284,0.020142923921742856,0.12065810864014288
1350604800,2012-10-19T00:00:00,0.026957074285714283,0.002268887085714286,0.013590858285714286,0.23630571318857144,0.01988906419337143,0.11913746373257146
1350691200,2012-10-20T00:00:00,0.0272412,0.002292801,0.013734105000000002,0.2387963592,0.020098693566,0.12039316443000002
1350777600,2012-10-21T00:00:00,0.028150525714285713,0.002369335914285714,0.014192556714285718,0.24676750841142855,0.02076959862462857,0.1244119521574286
1350864000,2012-10-22T00:00:00,0.02786184,0.0023450382000000003,0.014047011000000002,0.24423688943999997,0.020556604861200003,0.12313609842600003
1350950400,2012-10-23T00:00:00,0.02722887428571428,0.0022917635857142857,0.013727890785714287,0.2386883119885714,0.020089599592371433,0.12033869062757144
1351036800,2012-10-24T00:00:00,0.02775250285714285,0.0023358356571428576,0.013991886857142857,0.24327844004571428,0.020475935370514287,0.1226528801897143
1351123200,2012-10-25T00:00:00,0.027385954285714283,0.0023049844857142856,0.013807085285714286,0.24006527526857144,0.020205494001771428,0.12103290961457144
1351209600,2012-10-26T00:00:00,0.028171405714285714,0.002371093314285714,0.014203083714285716,0.2469505424914286,0.020785003993028572,0.12450423183942858
1351296000,2012-10-27T00:00:00,0.02861648571428571,0.0024085542142857144,0.014427478214285713,0.2508521137714285,0.02111338624242857,0.12647127402642858
1351382400,2012-10-28T00:00:00,0.028747388571428573,0.0024195718714285714,0.014493475071428572,0.25199960821714285,0.021209967024942857,0.12704980247614286
1351468800,2012-10-29T00:00:00,0.028783457142857145,0.0024226076428571428,0.014511659642857144,0.2523157853142857,0.02123657859728571,0.12720920842928574
1351555200,2012-10-30T00:00:00,0.029406565714285716,0.0024750526142857145,0.014825810214285714,0.2577779550514286,0.021696311216828572,0.1299630523384286
1351641600,2012-10-31T00:00:00,0.029220034285714288,0.0024593528857142855,0.014731767285714287,0.2561428205485714,0.02155868739617143,0.12913867202657145
1351728000,2012-11-01T00:00:00,0.029333845714285715,0.002468932014285714,0.014789147214285715,0.25714049153142854,0.02164265803722857,0.1296416644804286
1351814400,2012-11-02T00:00:00,0.0290406,0.0024442504999999995,0.0146413025,0.2545698996,0.021426299882999995,0.128345657715
1351900800,2012-11-03T00:00:00,0.028570028571428572,0.0024046440714285714,0.014404056071428573,0.25044487045714287,0.021079109930142857,0.12626595552214287
1351987200,2012-11-04T00:00:00,0.028644839999999998,0.0024109406999999997,0.014441773500000001,0.25110066744,0.021134306176199998,0.12659658650100003
1352073600,2012-11-05T00:00:00,0.029003691428571426,0.0024411440285714288,0.01462269442857143,0.25424635906285714,0.021399068554457144,0.12818253936085716
1352160000,2012-11-06T00:00:00,0.028778434285714284,0.002422184885714286,0.014509127285714286,0.2522717549485714,0.021232872708171428,0.12718700978657144
1352246400,2012-11-07T00:00:00,0.029144502857142852,0.0024529956571428574,0.01469368685714286,0.25548071204571426,0.021502959930514286,0.1288048589897143
1352332800,2012-11-08T00:00:00,0.0296232,0.0024932860000000004,0.014935030000000002,0.2596769712,0.021856145076000002,0.13092047298
1352419200,2012-11-09T00:00:00,0.02987664,0.0025146172000000003,0.015062806000000001,0.26189862624,0.022043134375200002,0.132040557396
1352505600,2012-11-10T00:00:00,0.029820325714285712,0.0025098774142857144,0.015034414214285715,0.2614049752114286,0.022001585413628573,0.13179167500242858
1352592000,2012-11-11T00:00:00,0.029538737142857145,0.002486177042857143,0.014892446642857144,0.2589365697942857,0.021793827957685717,0.13054718727128573
1352678400,2012-11-12T00:00:00,0.028772245714285712,0.0024216640142857146,0.014506007214285715,0.25221750593142855,0.021228306749228574,0.12715965924042857
1352764800,2012-11-13T00:00:00,0.028989874285714284,0.0024399810857142863,0.014615728285714289,0.2541252379885714,0.02138887419737143,0.12812147415257144
1352851200,2012-11-14T00:00:00,0.02867413714285714,0.0024134065428571432,0.014456544142857145,0.2513574861942857,0.021155921754685718,0.12672606595628572
1352937600,2012-11-15T00:00:00,0.028241931428571426,0.0023770292285714284,0.01423864042857143,0.24756877090285712,0.020837038217657144,0.12481592199685716
1353024000,2012-11-16T00:00:00,0.0281244,0.0023671369999999996,0.014179385000000001,0.2465384904,0.020750322941999997,0.12429648891000002
1353110400,2012-11-17T00:00:00,0.028088605714285713,0.002364124314285714,0.014161338714285715,0.24622471769142854,0.02072391373902857,0.1241382951694286
1353196800,2012-11-18T00:00:00,0.028140582857142857,0.002368499057142857,0.014187543857142859,0.24668034932571428,0.020762262734914282,0.1243680094517143
1353283200,2012-11-19T00:00:00,0.028592982857142856,0.002406576057142857,0.014415628857142858,0.2506460877257143,0.021096045716914286,0.1263674025617143
1353369600,2012-11-20T00:00:00,0.028793948571428567,0.0024234906714285715,0.014516949071428573,0.2524077531771428,0.021244319225742856,0.12725557556014286
1353456000,2012-11-21T00:00:00,0.029052325714285714,0.002445237414285714,0.014647214214285716,0.25467268721142855,0.021434951173628574,0.12839747980242858
1353542400,2012-11-22T00:00:00,0.029281988571428573,0.0024645673714285715,0.014763002571428572,0.25668591181714284,0.021604397577942858,0.12941248054114288
1353628800,2012-11-23T00:00:00,0.029798742857142853,0.002508060857142857,0.01502353285714286,0.26121577988571426,0.021985661473714287,0.1316962890257143
1353715200,2012-11-24T00:00:00,0.030114531428571425,0.0025346397285714284,0.015182742928571429,0.2639839825028571,0.022218651860657145,0.13309192451185717
1353801600,2012-11-25T00:00:00,0.030114531428571425,0.0025346397285714284,0.015182742928571429,0.2639839825028571,0.022218651860657145,0.13309192451185717
1353888000,2012-11-26T00:00:00,0.030478131428571427,0.0025652427285714286,0.01536605792857143,0.2671713001028571,0.022486917758657143,0.13469886380185717
1353974400,2012-11-27T00:00:00,0.030595302857142855,0.002575104657142857,0.015425131857142857,0.26819842484571427,0.02257336742451429,0.1352167058597143
1354060800,2012-11-28T00:00:00,0.03127225714285714,0.002632081642857143,0.015766429642857144,0.27413260611428575,0.023072827681285716,0.13820852224928573
1354147200,2012-11-29T00:00:00,0.03200305714285714,0.0026935906428571426,0.016134874642857143,0.2805387989142857,0.023612015575285715,0.1414383111192857
1354233600,2012-11-30T00:00:00,0.030986862857142857,0.0026080609571428573,0.015622543357142858,0.2716308398057143,0.02286226235031429,0.1369472150687143
1354320000,2012-12-01T00:00:00,0.031546011428571434,0.002655122628571428,0.015904447428571427,0.27653233618285716,0.023274804962057142,0.13941838615885715
1354406400,2012-12-02T00:00:00,0.03154536,0.0026550678000000004,0.015904119,0.27652662576,0.0232743243348,0.139415507154
1354492800,2012-12-03T00:00:00,0.03129833142857143,0.0026342762285714283,0.01577957542857143,0.27436117330285714,0.023092065419657144,0.13832375820685713
1354579200,2012-12-04T00:00:00,0.030243325714285712,0.002545479914285714,0.015247676714285716,0.26511299321142856,0.02231367692862857,0.13366113407742858
1354665600,2012-12-05T00:00:00,0.02877805714285714,0.002422153142857143,0.014508937142857146,0.25226844891428574,0.021232594450285715,0.12718534299428572
1354752000,2012-12-06T00:00:00,0.027928182857142856,0.002350622057142857,0.014080458857142859,0.24481845092571428,0.020605552952914285,0.12342930234171431
1354838400,2012-12-07T00:00:00,0.028045405714285713,0.002360488314285714,0.014139558714285716,0.24584602649142856,0.02069204056302857,0.1239473716894286
1354924800,2012-12-08T00:00:00,0.027195548571428568,0.002288958671428571,0.013711089071428572,0.23839617877714286,0.020065011713742857,0.12019140680014287
1355011200,2012-12-09T00:00:00,0.02669736,0.0022470278,0.013459919000000002,0.23402905775999996,0.0196974456948,0.11798964995400003
1355097600,2012-12-10T00:00:00,0.026557302857142858,0.002235239657142857,0.01338930685714286,0.23280131684571428,0.019594110834514285,0.1173706639097143
1355184000,2012-12-11T00:00:00,0.027410742857142855,0.002307070857142857,0.013819582857142859,0.24028257188571428,0.020223783133714285,0.12114246332571431
1355270400,2012-12-12T00:00:00,0.02756904,0.0023203942,0.013899391000000002,0.24167020463999997,0.0203405755572,0.12184206150600004
1355356800,2012-12-13T00:00:00,0.027316491428571427,0.0022991380285714287,0.013772064428571429,0.23945636386285712,0.020154243958457142,0.12072591678085717
1355443200,2012-12-14T00:00:00,0.026580394285714286,0.0022371831857142853,0.013400948785714286,0.23300373630857144,0.019611147805971427,0.11747271705557145
1355529600,2012-12-15T00:00:00,0.02586773142857143,0.0021772007285714287,0.01304164792857143,0.22675653370285714,0.019085341586657145,0.11432308574185715
1355616000,2012-12-16T00:00:00,0.02536313142857143,0.0021347302285714288,0.012787245428571431,0.22233321010285714,0.018713045183657146,0.11209299342685715
1355702400,2012-12-17T00:00:00,0.025043742857142857,0.0021078483571428572,0.012626220357142856,0.21953344988571427,0.018477398698714287,0.1106814476507143
1355788800,2012-12-18T00:00:00,0.024498068571428572,0.0020619207714285713,0.012351109571428572,0.21475006909714286,0.01807479748234286,0.10826982650314286
1355875200,2012-12-19T00:00:00,0.02484270857142857,0.0020909279714285715,0.012524865571428572,0.21777118333714288,0.018329074597542856,0.10979297159914288
1355961600,2012-12-20T00:00:00,0.024124714285714284,0.002030496785714286,0.012162876785714288,0.2114772454285714,0.01779933482357143,0.10661977790357144
1356048000,2012-12-21T00:00:00,0.024699102857142857,0.002078841157142857,0.012452464357142859,0.2165123356457143,0.018223121583514284,0.10915830255471429
1356134400,2012-12-22T00:00:00,0.025761737142857143,0.002168279542857143,0.012988209142857143,0.22582738779428574,0.019007138472685713,0.11385464134628573
1356220800,2012-12-23T00:00:00,0.026077662857142858,0.002194869957142857,0.01314748835714286,0.22859679260571428,0.019240230044314282,0.1152508829387143
1356307200,2012-12-24T00:00:00,0.026020217142857145,0.002190034942857143,0.013118526142857145,0.2280932234742857,0.019197846309085716,0.11499700016828572
1356393600,2012-12-25T00:00:00,0.025991485714285716,0.002187616714285714,0.013104040714285715,0.22784136377142855,0.019176648117428568,0.11487002090142859
1356480000,2012-12-26T00:00:00,0.026073205714285713,0.0021944948142857143,0.013145241214285716,0.22855772129142857,0.019236941542028572,0.11523118448442858
1356566400,2012-12-27T00:00:00,0.026990005714285715,0.002271658814285714,0.013607461214285715,0.2365943900914286,0.01991336116602857,0.11928300500442858
1356652800,2012-12-28T00:00:00,0.027662502857142855,0.0023282606571428566,0.013946511857142857,0.24248950004571426,0.020409532920514284,0.1222551229397143
1356739200,2012-12-29T00:00:00,0.026924777142857147,0.002266168742857143,0.013574575142857145,0.2360225964342857,0.01986523519988571,0.11899472570228574
1356825600,2012-12-30T00:00:00,0.027635982857142857,0.002326028557142857,0.013933141357142858,0.24225702572571434,0.020389966331914287,0.1221379171367143
1356912000,2012-12-31T00:00:00,0.027856851428571427,0.002344618328571428,0.014044495928571429,0.24419315962285718,0.020552924268257142,0.12311405130985716
1356998400,2013-01-01T00:00:00,0.02840905714285714,0.0023910956428571427,0.014322899642857144,0.24903379491428573,0.020960344405285714,0.12555453826928573
1357084800,2013-01-02T00:00:00,0.02813405142857143,0.0023679493285714286,0.014184250928571429,0.24662309482285716,0.02075744381425714,0.12433914363985717
1357171200,2013-01-03T00:00:00,0.0282864,0.002380772,0.01426106,0.2479585824,0.020869847352000002,0.12501245196000002
1357257600,2013-01-04T00:00:00,0.02788013142857143,0.0023465777285714283,0.01405623292857143,0.24439723210285713,0.020570100368657144,0.12321693785185715
1357344000,2013-01-05T00:00:00,0.027803948571428566,0.002340165671428571,0.014017824071428573,0.24372941317714286,0.020513892275742858,0.12288024581014287
1357430400,2013-01-06T00:00:00,0.02727072,0.0022952855999999995,0.013748988,0.23905513152,0.020120473569600002,0.12052362880800001
1357516800,2013-01-07T00:00:00,0.027524639999999996,0.0023166572,0.013877005999999999,0.24128099424,0.020307817015200003,0.12164583459600001
1357603200,2013-01-08T00:00:00,0.026956182857142855,0.002268812057142857,0.013590408857142858,0.2362978989257143,0.019888406492914287,0.11913352404171429
1357689600,2013-01-09T00:00:00,0.0266712,0.0022448259999999997,0.01344673,0.2337997392,0.019678144716,0.11787403517999999
1357776000,2013-01-10T00:00:00,0.02662844571428571,0.002241227514285714,0.013425174714285715,0.23342495513142855,0.019646600390228575,0.11768508154542857
1357862400,2013-01-11T00:00:00,0.025983462857142852,0.002186941457142857,0.013099995857142858,0.22777103540571428,0.019170728813314285,0.11483456368371428
1357948800,2013-01-12T00:00:00,0.02578164,0.0021699547,0.012998243500000001,0.22600185623999997,0.0190218229002,0.11394260252100001
1358035200,2013-01-13T00:00:00,0.025782857142857142,0.002170057142857143,0.012998857142857144,0.2260125257142857,0.019022720914285716,0.11394798171428573
1358121600,2013-01-14T00:00:00,0.02586468,0.0021769439,0.013040109500000003,0.22672978488,0.019083090227400002,0.114309599877
1358208000,2013-01-15T00:00:00,0.0256704,0.002160592,0.012942160000000003,0.22502672639999996,0.018939749472,0.11345097456
1358294400,2013-01-16T00:00:00,0.025698085714285713,0.0021629222142857145,0.012956118214285715,0.22526941937142858,0.018960176130428573,0.11357333226642859
1358380800,2013-01-17T00:00:00,0.02470117714285714,0.002079015742857143,0.012453510142857144,0.2165305188342857,0.018224652001885715,0.10916746991228572
1358467200,2013-01-18T00:00:00,0.024811954285714286,0.0020883394857142855,0.012509360285714286,0.2175015912685714,0.018306383931771426,0.10965705226457144
1358553600,2013-01-19T00:00:00,0.025698085714285713,0.0021629222142857145,0.012956118214285715,0.22526941937142858,0.01896017613042857,0.11357333226642859
1358640000,2013-01-20T00:00:00,0.025615011428571425,0.0021559301285714286,0.01291423492857143,0.22454119018285715,0.01889888350705714,0.11320618338385714
1358726400,2013-01-21T00:00:00,0.02492271428571428,0.0020976617857142855,0.012565201785714285,0.2184725134285714,0.018388103213571427,0.11014655885357143
1358812800,2013-01-22T00:00:00,0.025559622857142854,0.0021512682571428574,0.012886309857142857,0.22405565396571428,0.018858017542114285,0.1129613922077143
1358899200,2013-01-23T00:00:00,0.0253422,0.0021329685,0.012776692500000002,0.22214972519999998,0.018697601871,0.11200048645500002
1358985600,2013-01-24T00:00:00,0.02621508,0.0022064359000000004,0.013216769500000001,0.22980139127999996,0.019341617099399997,0.11585820143700001
1359072000,2013-01-25T00:00:00,0.026330348571428568,0.0022161376714285716,0.013274884071428572,0.23081183557714285,0.019426662827742858,0.11636763377014288
1359158400,2013-01-26T00:00:00,0.026012485714285716,0.0021893842142857146,0.013114628214285716,0.22802544977142855,0.01919214202242857,0.11496283092642859
1359244800,2013-01-27T00:00:00,0.026232719999999998,0.0022079206,0.013225663,0.22995602352,0.0193546319796,0.11593616185800003
1359331200,2013-01-28T00:00:00,0.02629637142857143,0.0022132779285714286,0.01325775392857143,0.23051399194285715,0.019401594321857143,0.11621747093785717
1359417600,2013-01-29T00:00:00,0.026306005714285714,0.0022140888142857143,0.013262611214285716,0.23059844609142857,0.019408702546028573,0.11626004990442859
1359504000,2013-01-30T00:00:00,0.026766565714285713,0.0022528526142857144,0.013494810214285715,0.23463571505142852,0.01974850601682857,0.11829550633842859
1359590400,2013-01-31T00:00:00,0.027702634285714282,0.002331638385714286,0.013966744785714287,0.24284129214857142,0.02043914208917143,0.12243248479157144
1359676800,2013-02-01T00:00:00,0.027955628571428574,0.0023529320714285712,0.014094296071428572,0.24505904005714285,0.020625802538142855,0.12355059936214287
1359763200,2013-02-02T00:00:00,0.027879719999999997,0.0023465431,0.014056025500000001,0.24439362551999996,0.0205697968146,0.123215119533
1359849600,2013-02-03T00:00:00,0.028765182857142857,0.002421069557142857,0.014502446357142857,0.25215559292571427,0.021223095737914283,0.12712844476671428
1359936000,2013-02-04T00:00:00,0.029195262857142856,0.002457267957142857,0.014719278357142858,0.25592567420571427,0.021540410912314283,0.1290291940787143
1360022400,2013-02-05T00:00:00,0.02964510857142857,0.002158261064285714,0.014212301714285716,0.2598690217371428,0.018919316489528572,0.12458503682742858
1360108800,2013-02-06T00:00:00,0.029849588571428574,0.0018667711685714287,0.013642977228571428,0.2616614934171429,0.016364116063697143,0.11959433838565715
1360195200,2013-02-07T00:00:00,0.029265394285714282,0.0014919859957142855,0.012639184485714286,0.2565404463085714,0.01307874923843143,0.11079509120177145
1360281600,2013-02-08T00:00:00,0.029761234285714283,0.0012144459314285712,0.012193723771428572,0.26088697974857145,0.010645833034902855,0.10689018258034287
1360368000,2013-02-09T00:00:00,0.02988198857142857,0.0009222513442857142,0.011596002314285715,0.2619455118171429,0.008084455284008573,0.10165055628702858
1360454400,2013-02-10T00:00:00,0.029670291428571426,0.0005640168971428572,0.010747770157142858,0.26008977466285715,0.004944172120354286,0.0942149531975143
1360540800,2013-02-11T00:00:00,0.029959354285714283,0.00025215789857142856,0.01016121432857143,0.2626236996685714,0.0022104161388771426,0.08907320480425716
1360627200,2013-02-12T00:00:00,0.029392114285714286,0.0002473836285714286,0.00996882542857143,0.2576512738285714,0.0021685648880571426,0.08738672370685716
1360713600,2013-02-13T00:00:00,0.030089931428571425,0.00025325692285714285,0.010205501742857144,0.2637683389028571,0.002220050185765714,0.08946142827788572
1360800000,2013-02-14T00:00:00,0.030006205714285715,0.0002525522314285714,0.010177104771428571,0.2630343992914286,0.002213872860702857,0.08921250042634286
1360886400,2013-02-15T00:00:00,0.030787748571428575,0.00025913021714285713,0.010442178057142858,0.26988540397714283,0.0022715354834742857,0.09153613284891429
1360972800,2013-02-16T00:00:00,0.032071731428571434,0.00026993707285714283,0.010877662242857144,0.28114079770285716,0.002366268380665714,0.09535358722088572
1361059200,2013-02-17T00:00:00,0.03282538285714286,0.0002762803057142857,0.011133275685714287,0.28774730612571425,0.0024218731598914284,0.09759429466097144
1361145600,2013-02-18T00:00:00,0.03339644571428572,0.00028108675142857144,0.011326961171428573,0.2927532431314286,0.002464006463022857,0.09929214162874286
1361232000,2013-02-19T00:00:00,0.034463554285714286,0.00029006824857142857,0.011688888828571428,0.3021075168685714,0.002542738266977143,0.10246479947125715
1361318400,2013-02-20T00:00:00,0.035695302857142855,0.0003004354657142857,0.012106656885714287,0.31290502484571425,0.0026336172924514285,0.10612695426017145
1361404800,2013-02-21T00:00:00,0.03695636571428572,0.0003110494114285715,0.012534367371428573,0.3239595018514286,0.002726659140582857,0.10987626437794286
1361491200,2013-02-22T00:00:00,0.03724921714285714,0.0003135142442857143,0.012633692814285714,0.3265266374742857,0.0027482658654085714,0.11074695121002856
1361577600,2013-02-23T00:00:00,0.03707624571428571,0.0003120584014285714,0.012575026671428572,0.3250103699314285,0.0027355039469228568,0.11023268380174286
1361664000,2013-02-24T00:00:00,0.036682285714285716,0.00030874257142857143,0.012441408571428572,0.32155691657142854,0.002706437381142857,0.10906138753714285
1361750400,2013-02-25T00:00:00,0.03802014857142856,0.00032000291714285716,0.012895167057142857,0.3332846223771428,0.002805145571674286,0.11303903442291428
1361836800,2013-02-26T00:00:00,0.038237931428571424,0.0003218359228571429,0.012969031742857145,0.3351937069028571,0.0028212136997657145,0.11368653225788572
1361923200,2013-02-27T00:00:00,0.038237931428571424,0.0003218359228571429,0.012969031742857145,0.3351937069028571,0.0028212136997657145,0.11368653225788572
1362009600,2013-02-28T00:00:00,0.037989034285714283,0.0003197410385714286,0.012884614128571429,0.3330118745485714,0.002802849944117143,0.11294652745105715
1362096000,2013-03-01T00:00:00,0.03771,0.0003173925,0.012789975,0.33056586,0.002782262655,0.11211692085000001
1362182400,2013-03-02T00:00:00,0.03800465142857142,0.00031987248285714285,0.012889910942857144,0.3331487744228571,0.0028040021847257146,0.11299295932508573
1362268800,2013-03-03T00:00:00,0.03914375999999999,0.00032945998,0.013276258600000002,0.34313420016,0.00288804618468,0.11637968288760002
1362355200,2013-03-04T00:00:00,0.03945944571428571,0.00033211700142857145,0.01338332867142857,0.34590150113142853,0.0029113376345228574,0.11731825913374287
1362441600,2013-03-05T00:00:00,0.03946853142857143,0.00033219347285714287,0.013386410242857142,0.3459811465028571,0.002912007983065714,0.11734527218888571
1362528000,2013-03-06T00:00:00,0.039233125714285715,0.0003302121414285714,0.013306568471428571,0.3439175800114286,0.0028946396317628574,0.11664537922054286
1362614400,2013-03-07T00:00:00,0.03996164571428572,0.0003363438514285714,0.01355365817142857,0.35030378633142856,0.0029483902016228573,0.11881136753074285
1362700800,2013-03-08T00:00:00,0.04090697142857143,0.00034430034285714287,0.013874281142857143,0.3585905115428572,0.003018136805485714,0.1216219484982857
1362787200,2013-03-09T00:00:00,0.041800302857142854,0.0003518192157142857,0.014177269385714286,0.3664214548457143,0.003084047244951428,0.12427794343517141
1362873600,2013-03-10T00:00:00,0.04261918285714285,0.0003587114557142857,0.014455006185714285,0.3735997569257143,0.0031444646207914283,0.12671258422397141
1362960000,2013-03-11T00:00:00,0.042060839999999995,0.00035401207,0.0142656349,0.36870532344,0.00310326980562,0.12505255553339997
1363046400,2013-03-12T00:00:00,0.04191195428571428,0.0003527589485714286,0.014215137828571428,0.3674001912685715,0.0030922849431771426,0.12460989820525714
1363132800,2013-03-13T00:00:00,0.041986388571428564,0.00035338543714285713,0.014240383457142857,0.3680526822171428,0.0030977767419942855,0.1248312013853143
1363219200,2013-03-14T00:00:00,0.04316787428571428,0.0003633296085714285,0.014641104028571427,0.37840958598857144,0.003184947348737143,0.12834391791445715
1363305600,2013-03-15T00:00:00,0.04431776571428571,0.00037300786142857145,0.015031108871428571,0.38848953425142857,0.0032697869132828567,0.13176270036694288
1363392000,2013-03-16T00:00:00,0.04525657714285714,0.0003809095242857143,0.015349522414285716,0.39671915523428575,0.0033390528898885716,0.13455391348362858
1363478400,2013-03-17T00:00:00,0.047078845714285715,0.00039624695142857145,0.015967575171428574,0.4126931615314286,0.0034735007762228573,0.13997176395274286
1363564800,2013-03-18T00:00:00,0.04882344,0.00041093062,0.016559283400000003,0.42798627504,0.0036022178149200004,0.14515867828440002
1363651200,2013-03-19T00:00:00,0.050821251428571426,0.00042774553285714284,0.017236874442857146,0.4454990900228571,0.0037496173410257144,0.15109844136608572
1363737600,2013-03-20T00:00:00,0.05369391428571429,0.0004519237785714286,0.018211185928571433,0.47068085262857146,0.003961563842957143,0.15963925584985716
1363824000,2013-03-21T00:00:00,0.055562605714285715,0.00046765193142857145,0.018844983771428573,0.4870618016914286,0.0040994368309028575,0.1651951277403429
1363910400,2013-03-22T00:00:00,0.05791729714285714,0.0004874705842857143,0.019643616614285715,0.5077030267542858,0.0042731671418485715,0.17219594324082863
1363996800,2013-03-23T00:00:00,0.05965234285714286,0.0005020738857142857,0.02023208628571429,0.5229124374857143,0.004401179682171429,0.17735446838057145
1364083200,2013-03-24T00:00:00,0.06008610857142856,0.0005057247471428572,0.02037920515714286,0.5267148277371428,0.004433183133454285,0.17864411240751435
1364169600,2013-03-25T00:00:00,0.060453788571428566,0.0005088193871428571,0.02050390995714286,0.5299379106171428,0.004460310747694285,0.1797372746843143
1364256000,2013-03-26T00:00:00,0.062047114285714286,0.0005222298785714285,0.021044312928571427,0.5439050038285714,0.004577867115557142,0.18447444713185718
1364342400,2013-03-27T00:00:00,0.06080549142857143,0.0005117795528571428,0.020623195842857146,0.5330209378628571,0.0044862595603457145,0.18078293475848572
1364428800,2013-03-28T00:00:00,0.06224182285714286,0.0005238686757142857,0.021110351585714286,0.5456118191657142,0.0045922328113114285,0.18505334200037146
1364515200,2013-03-29T00:00:00,0.0627102,0.00052781085,0.0212692095,0.5497176132,0.0046267899111,0.18644589047699997
1364601600,2013-03-30T00:00:00,0.06361724571428572,0.0005354451514285715,0.02157684917142857,0.5576687759314286,0.004693712197422858,0.1891426598367429
1364688000,2013-03-31T00:00:00,0.06419276571428571,0.0005402891114285715,0.02177204637142857,0.5627137842514286,0.004736174350782857,0.19085375849194283
1364774400,2013-04-01T00:00:00,0.06727402285714286,0.0005662230257142858,0.022817106085714283,0.5897240843657142,0.004963511043411429,0.20001475194737142
1364860800,2013-04-02T00:00:00,0.06898582285714286,0.0005806306757142858,0.023397691585714288,0.6047297231657142,0.0050898085033114285,0.20510416444037144
1364947200,2013-04-03T00:00:00,0.07149648,0.0006017620400000001,0.0242492228,0.6267381436799999,0.00527504604264,0.2125686870648
1365033600,2013-04-04T00:00:00,0.06984173142857142,0.0005878345728571428,0.023687987242857145,0.6122326177028571,0.005152957865665714,0.20764889617088572
1365120000,2013-04-05T00:00:00,0.06938677714285714,0.0005840053742857144,0.023533681914285714,0.6082444884342857,0.005119391110988572,0.20629625566062862
1365206400,2013-04-06T00:00:00,0.07017351428571429,0.0005906270785714286,0.02380051692857143,0.6151410262285715,0.005177436970757143,0.20863533139585716
1365292800,2013-04-07T00:00:00,0.0712538742857143,0.0005997201085714285,0.02416693902857143,0.6246114619885714,0.005257146471737142,0.21184738752445714
1365379200,2013-04-08T00:00:00,0.07009100571428571,0.0005899326314285715,0.023772532771428573,0.6144177560914285,0.005171349447102858,0.2083900222743429
1365465600,2013-04-09T00:00:00,0.07127129142857143,0.0005998667028571427,0.024172846342857147,0.6247641406628571,0.005258431517245714,0.21189917104148576
1365552000,2013-04-10T00:00:00,0.07377474857142856,0.0006209374671428571,0.025021935557142858,0.6467094459771429,0.0054431378369742866,0.21934228709391432
1365638400,2013-04-11T00:00:00,0.07544946857142856,0.0006350330271428572,0.02558994475714286,0.6613900414971429,0.005566699515934285,0.22432145574111434
1365724800,2013-04-12T00:00:00,0.07728798857142857,0.0006505072371428571,0.026213509457142858,0.6775065078171428,0.005702346440794285,0.22978762390131433
1365811200,2013-04-13T00:00:00,0.07754953714285714,0.0006527086042857142,0.02630221801428572,0.6797992425942857,0.0057216436251685725,0.23056524311322862
1365897600,2013-04-14T00:00:00,0.07683027428571429,0.0006466548085714285,0.026058268028571436,0.6734941843885714,0.005668576051937143,0.2284267775384572
1365984000,2013-04-15T00:00:00,0.07741875428571429,0.0006516078485714285,0.02625786082857143,0.6786528000685713,0.005711994400577143,0.23017640802325717
1366070400,2013-04-16T00:00:00,0.07748415428571429,0.0006521582985714286,0.02628004232857143,0.6792260964685715,0.005716819645277143,0.23037085105225716
1366156800,2013-04-17T00:00:00,0.07676415428571429,0.0006460982985714285,0.02603584232857143,0.6729145764685714,0.005663697685277143,0.2282301938522572
1366243200,2013-04-18T00:00:00,0.07754425714285715,0.0006526641642857143,0.02630042721428572,0.6797529581142856,0.005721254064128572,0.23054954496042862
1366329600,2013-04-19T00:00:00,0.07670953714285714,0.0006456386042857143,0.02601731801428572,0.6724358025942857,0.005659668005168572,0.22806780971322857
1366416000,2013-04-20T00:00:00,0.07756726285714285,0.0006528577957142858,0.026308229985714287,0.6799546262057143,0.005722951437231429,0.23061794405477146
1366502400,2013-04-21T00:00:00,0.08102290285714285,0.0006819427657142858,0.02748026788571429,0.7102467664457144,0.005977910284251429,0.24089202828617148
1366588800,2013-04-22T00:00:00,0.08200030285714285,0.0006901692157142858,0.02781176938571429,0.7188146548457144,0.006050023344951428,0.24379797043517146
1366675200,2013-04-23T00:00:00,0.08327482285714286,0.0007008964257142859,0.02824404408571429,0.7299870971657143,0.006144058067811429,0.24758729045537148
1366761600,2013-04-24T00:00:00,0.08389506857142857,0.0007061168271428573,0.02845441075714286,0.7354241710971429,0.006189820106734286,0.2494313646971143
1366848000,2013-04-25T00:00:00,0.08580697714285714,0.0007222087242857143,0.02910286641428572,0.7521839616342857,0.006330881677088571,0.25511572698762863
1366934400,2013-04-26T00:00:00,0.08840718857142858,0.0007440938371428571,0.029984771457142862,0.7749774150171429,0.006522726576394286,0.2628465065933144
1367020800,2013-04-27T00:00:00,0.08787185142857143,0.0007395880828571429,0.029803202942857147,0.770284649622857,0.006483229134325715,0.26125487699708577
1367107200,2013-04-28T00:00:00,0.08794832571428571,0.0007402317414285715,0.029829140471428577,0.7709550232114285,0.006488871445362857,0.2614822453725429
1367193600,2013-04-29T00:00:00,0.0895543542857143,0.0007537491485714286,0.030373851828571434,0.7850334696685713,0.006607365036377143,0.26625718512925717
1367280000,2013-04-30T00:00:00,0.08926577142857142,0.0007513202428571429,0.030275974142857147,0.7825037523428572,0.006586073248885715,0.26539918933628576
1367366400,2013-05-01T00:00:00,0.08984256,0.00075617488,0.030471601600000005,0.7875598809600001,0.00662862899808,0.26711405962560003
1367452800,2013-05-02T00:00:00,0.08819484,0.00074230657,0.029912749900000004,0.77311596744,0.00650705939262,0.2622151656234
1367539200,2013-05-03T00:00:00,0.08688119999999999,0.0007312501000000001,0.029467207000000002,0.7616005992,0.0064101383766,0.258309536562
1367625600,2013-05-04T00:00:00,0.08929206857142856,0.0007515415771428573,0.03028489325714286,0.7827342730971429,0.006588013465234285,0.26547737429211427
1367712000,2013-05-05T00:00:00,0.08992385142857141,0.0007568590828571428,0.030499172942857145,0.7882724816228571,0.006634626720325714,0.2673557500170857
1367798400,2013-05-06T00:00:00,0.0908709257142857,0.0007648302914285715,0.030820388971428574,0.7965745348114286,0.006704502334662857,0.27017152972354286
1367884800,2013-05-07T00:00:00,0.09273718285714284,0.0007805379557142857,0.03145336118571429,0.8129341449257143,0.006842195719791429,0.27572016415397144
1367971200,2013-05-08T00:00:00,0.09393932571428572,0.0007906559914285713,0.03186108797142857,0.8234721292114286,0.006930890420862858,0.2792942971575429
1368057600,2013-05-09T00:00:00,0.09651534857142859,0.0008123375171428571,0.03273478905714285,0.846053545577143,0.007120950675274287,0.2869531608749143
1368144000,2013-05-10T00:00:00,0.09952071428571428,0.0008376326785714285,0.03375410892857143,0.8723985814285715,0.007342688060357143,0.29588851886785716
1368230400,2013-05-11T00:00:00,0.10149567428571428,0.0008542552585714286,0.03442394952857143,0.8897110807885714,0.007488401596637143,0.3017603415674572
1368316800,2013-05-12T00:00:00,0.10212250285714286,0.0008595310657142857,0.03463654888571428,0.8952058600457143,0.007534649322051429,0.30362398753217146
1368403200,2013-05-13T00:00:00,0.10445677714285713,0.0008791778742857142,0.035428256914285715,0.9156681084342857,0.007706873245988572,0.31056410011062857
1368489600,2013-05-14T00:00:00,0.1047126,0.00088133105,0.0355150235,0.9179106516,0.0077257479843,0.311324696001
1368576000,2013-05-15T00:00:00,0.10398666857142856,0.0008752211271428571,0.03526881175714285,0.9115471366971428,0.007672188400534285,0.30916640386311434
1368662400,2013-05-16T00:00:00,0.10401395999999999,0.0008754508299999999,0.035278068100000004,0.9117863733599999,0.00767420197578,0.30924754496460005
1368748800,2013-05-17T00:00:00,0.10459366285714286,0.0008803299957142857,0.03547468398571429,0.9168680486057141,0.007716972742431429,0.3109710798187715
1368835200,2013-05-18T00:00:00,0.10317066857142856,0.0008683531271428572,0.03499205175714286,0.9043940806971428,0.007611983512534286,0.3067403257031143
1368921600,2013-05-19T00:00:00,0.10324794857142858,0.0008690035671428571,0.03501826255714286,0.9050715171771427,0.007617685269574286,0.3069700895759143
1369008000,2013-05-20T00:00:00,0.09895786285714284,0.0008328953457142857,0.03356320848571429,0.8674646258057143,0.0073011606005314285,0.2942150855857714
1369094400,2013-05-21T00:00:00,0.09867186857142858,0.0008304882271428571,0.03346620875714286,0.8649575998971428,0.007280059799134286,0.2933647859651143
1369180800,2013-05-22T00:00:00,0.10010190857142856,0.000842524397142857,0.03395123065714286,0.8774933305371428,0.007385568865354285,0.2976164879405143
1369267200,2013-05-23T00:00:00,0.10258062857142856,0.0008633869571428572,0.03479192985714286,0.8992217900571429,0.007568450066314286,0.30498605712771426
1369353600,2013-05-24T00:00:00,0.10334331428571428,0.0008698062285714287,0.03505060742857143,0.9059074930285712,0.007624721399657143,0.3072536247188572
1369440000,2013-05-25T00:00:00,0.10528035428571428,0.0008861096485714285,0.03570758682857143,0.9228875856685714,0.007767637179377143,0.3130127061392572
1369526400,2013-05-26T00:00:00,0.10728971999999999,0.00090302181,0.036389096700000005,0.94050168552,0.007915889186459999,0.3189868216722
1369612800,2013-05-27T00:00:00,0.11321948571428571,0.0009529306714285713,0.038400275571428576,0.9924820117714285,0.008353390265742857,0.33661681565914287
1369699200,2013-05-28T00:00:00,0.11518769142857141,0.0009694964028571427,0.039067825342857146,1.009735303062857,0.008498605467445713,0.3424685569554858
1369785600,2013-05-29T00:00:00,0.1177148914285714,0.000990767002857143,0.039924967342857144,1.031888738262857,0.008685063547045714,0.34998226372748575
1369872000,2013-05-30T00:00:00,0.11966537142857141,0.0010071835428571427,0.04058650514285715,1.0489866459428572,0.008828970936685715,0.35578130408228575
1369958400,2013-05-31T00:00:00,0.12167818285714284,0.0010241247057142856,0.04126918368571429,1.0666309509257144,0.00897747717029143,0.3617656641889715
1370044800,2013-06-01T00:00:00,0.1275963257142857,0.0010739357414285714,0.043276420471428566,1.1185093912114286,0.009414120709362856,0.37936110185254285
1370131200,2013-06-02T00:00:00,0.1313248457142857,0.0011053174514285714,0.04454101017142858,1.1511935975314285,0.009689212779222857,0.39044649516274293
1370217600,2013-06-03T00:00:00,0.13515696,0.0011375710799999999,0.04584073560000001,1.1847859113599999,0.00997194808728,0.40183988826960004
1370304000,2013-06-04T00:00:00,0.14085325714285715,0.0011855149142857141,0.04777272971428572,1.2347196521142858,0.01039222373862857,0.41877574867542855
1370390400,2013-06-05T00:00:00,0.14471674285714284,0.0012180325857142856,0.04908309528571429,1.2685869678857142,0.010677273646371428,0.43026241327457143
1370476800,2013-06-06T00:00:00,0.15024874285714285,0.0012645935857142857,0.050959365285714285,1.3170804798857143,0.011085427372371429,0.44670979609457145
1370563200,2013-06-07T00:00:00,0.1535352,0.0012922546,0.052074022000000005,1.3458895632,0.0113279038236,0.456480876852
1370649600,2013-06-08T00:00:00,0.1555458857142857,0.0013091778714285716,0.05275597957142858,1.3635152341714285,0.011476253220942858,0.46245891692314295
1370736000,2013-06-09T00:00:00,0.15608074285714285,0.0013136795857142858,0.05293738528571429,1.3682037918857142,0.011515715248371429,0.46404911941457144
1370822400,2013-06-10T00:00:00,0.15716039999999998,0.0013227667,0.053303569,1.3776680664,0.011595372892200001,0.4672590858540001
1370908800,2013-06-11T00:00:00,0.15903805714285715,0.0013385703142857143,0.05394040771428572,1.3941276089142856,0.011733907375028574,0.47284161402342867
1370995200,2013-06-12T00:00:00,0.1647714857142857,0.0013868266714285717,0.05588499557142858,1.4443868437714282,0.01215692260174286,0.48988787117914295
1371081600,2013-06-13T00:00:00,0.1654362857142857,0.0013924220714285718,0.05611047357142857,1.4502144805714285,0.012205971878142858,0.4918644113271429
1371168000,2013-06-14T00:00:00,0.16796314285714284,0.0014136897857142858,0.05696749928571428,1.4723649102857141,0.012392404661571429,0.4993770987385715
1371254400,2013-06-15T00:00:00,0.16689925714285714,0.0014047354142857143,0.056606664714285715,1.4630388881142857,0.01231391064162857,0.49621402288542865
1371340800,2013-06-16T00:00:00,0.1710569142857143,0.0014397290285714287,0.05801680342857143,1.4994849106285713,0.012620664664457142,0.5085752988548572
1371427200,2013-06-17T00:00:00,0.17181377142857143,0.0014460992428571428,0.058273504142857147,1.506119520342857,0.012676505962885712,0.5108255373162858
1371513600,2013-06-18T00:00:00,0.17094857142857142,0.0014388171428571428,0.057980057142857144,1.4985351771428572,0.012612671074285712,0.5082531809142857
1371600000,2013-06-19T00:00:00,0.1663656,0.0014002437999999999,0.056425666,1.4583608496,0.0122745371508,0.49462738815600005
1371686400,2013-06-20T00:00:00,0.16700982857142857,0.001405666057142857,0.05664416685714286,1.4640081572571428,0.012322068656914284,0.4965427666697143
1371772800,2013-06-21T00:00:00,0.17075914285714283,0.0014372227857142857,0.05791580928571429,1.4968746462857145,0.012598694939571428,0.5076899841985715
1371859200,2013-06-22T00:00:00,0.17675777142857144,0.0014877112428571429,0.05995034414285715,1.5494586243428572,0.013041276754885714,0.5255247167562858
1371945600,2013-06-23T00:00:00,0.1786477714285714,0.0015036187428571427,0.060591369142857156,1.5660263643428571,0.013180721899885714,0.5311439419062858
1372032000,2013-06-24T00:00:00,0.17947182857142854,0.0015105545571428571,0.06087086185714286,1.5732500492571428,0.013241521247914287,0.5335939750397143
1372118400,2013-06-25T00:00:00,0.18227348571428573,0.0015341351714285717,0.06182109057142858,1.5978093757714285,0.013448228912742858,0.5419236799491429
1372204800,2013-06-26T00:00:00,0.1885361142857143,0.0015868456285714286,0.06394516542857144,1.6527075778285716,0.013910288780057142,0.5605433201468571
1372291200,2013-06-27T00:00:00,0.19067862857142856,0.0016048784571428573,0.06467183485714287,1.671488858057143,0.014068364555314286,0.5669133043577144
1372377600,2013-06-28T00:00:00,0.19084354285714286,0.0016062664857142855,0.06472776828571429,1.6729344966857143,0.01408053201377143,0.5674036167925715
1372464000,2013-06-29T00:00:00,0.19098274285714287,0.0016074380857142856,0.0647749802857143,1.6741547238857142,0.014090802259371428,0.5678174771845714
1372550400,2013-06-30T00:00:00,0.1916077714285714,0.0016126987428571429,0.06498696914285715,1.679633724342857,0.014136917179885715,0.5696757715062858
1372636800,2013-07-01T00:00:00,0.195432,0.0016448860000000001,0.06628402000000001,1.713156912,0.014419070676,0.5810457193200002
1372723200,2013-07-02T00:00:00,0.19737548571428573,0.0016612436714285716,0.06694318557142857,1.7301935077714286,0.014562462023742857,0.5868239647191429
1372809600,2013-07-03T00:00:00,0.20215337142857143,0.001701457542857143,0.06856368514285714,1.772076453942857,0.014914976820685714,0.6010292639622857
1372896000,2013-07-04T00:00:00,0.20463051428571427,0.0017223068285714285,0.06940384942857145,1.7937910882285715,0.015097741659257143,0.6083941440908571
1372982400,2013-07-05T00:00:00,0.21059605714285715,0.0017725168142857146,0.07142716271428573,1.8460850369142856,0.015537882394028571,0.6261305083534286
1373068800,2013-07-06T00:00:00,0.2154505714285714,0.001813375642857143,0.07307365214285715,1.8886397091428573,0.01589605088528571,0.6405636346842858
1373155200,2013-07-07T00:00:00,0.2214504,0.0018638742000000002,0.07510859400000001,1.9412342064,0.0163387212372,0.658401935004
1373241600,2013-07-08T00:00:00,0.22781382857142857,0.0019174330571428574,0.07726685685714287,1.9970160212571426,0.016808218178914286,0.6773212672097143
1373328000,2013-07-09T00:00:00,0.23363177142857142,0.001966400742857143,0.07924010914285716,2.048016108342857,0.017237468911885715,0.6946187967462858
1373414400,2013-07-10T00:00:00,0.2357550857142857,0.0019842719714285714,0.07996026657142859,2.0666290813714285,0.01739412810154286,0.700931696765143
1373500800,2013-07-11T00:00:00,0.24454954285714287,0.0020582919857142857,0.08294305328571429,2.143721292685714,0.018042987546771427,0.7270788051025716
1373587200,2013-07-12T00:00:00,0.24506691428571425,0.0020626465285714284,0.08311852842857144,2.1482565706285714,0.018081159469457146,0.7286170202048572
1373673600,2013-07-13T00:00:00,0.2460713142857143,0.002071100228571429,0.08345918742857143,2.157061141028571,0.018155264603657146,0.7316032369988571
1373760000,2013-07-14T00:00:00,0.25060182857142854,0.0021092320571428572,0.08499578685714286,2.1967756292571425,0.018489528212914285,0.7450730675897143
1373846400,2013-07-15T00:00:00,0.2522578285714286,0.002123170057142857,0.08555744685714285,2.2112921252571427,0.018611708720914288,0.7499965791497143
1373932800,2013-07-16T00:00:00,0.25518651428571426,0.0021478198285714285,0.08655075942857142,2.2369649842285715,0.018827788617257143,0.7587039571508571
1374019200,2013-07-17T00:00:00,0.2606328,0.0021936594,0.08839795800000001,2.2847071247999997,0.019229618300399997,0.774896499828
1374105600,2013-07-18T00:00:00,0.25773445714285714,0.002169265014285714,0.08741493671428571,2.2593002513142855,0.01901577711522857,0.7662793352374286
1374192000,2013-07-19T00:00:00,0.26152457142857144,0.002201165142857143,0.08870041714285715,2.2925243931428567,0.019295413642285715,0.7775478566742857
1374278400,2013-07-20T00:00:00,0.26799034285714285,0.0022555853857142857,0.09089339128571429,2.3492033454857144,0.019772461491171428,0.7967714680105715
1374364800,2013-07-21T00:00:00,0.27401005714285714,0.0023062513142857143,0.0929350777142857,2.4019721609142857,0.02021659902102857,0.8146688912434287
1374451200,2013-07-22T00:00:00,0.2758827428571428,0.0023220130857142863,0.0935702302857143,2.418388123885714,0.020354766709371426,0.8202366386845715
1374537600,2013-07-23T00:00:00,0.27687582857142856,0.0023303715571428574,0.09390705185714286,2.427093513257143,0.020428037069914286,0.8231892165797143
1374624000,2013-07-24T00:00:00,0.27820422857142857,0.002341552257142857,0.09435760085714286,2.438738267657143,0.020526047086114284,0.8271387291137143
1374710400,2013-07-25T00:00:00,0.2811978857142857,0.0023667488714285713,0.09537294957142858,2.4649806661714284,0.020746920606942856,0.8360392759431429
1374796800,2013-07-26T00:00:00,0.2867566285714286,0.002413534957142857,0.09725828985714287,2.5137086060571425,0.021157047434314284,0.8525661688877143
1374883200,2013-07-27T00:00:00,0.2934990857142857,0.002470283971428571,0.09954510657142858,2.5728129853714283,0.021654509293542856,0.872612404205143
1374969600,2013-07-28T00:00:00,0.29388051428571427,0.002473494328571429,0.09967447442857144,2.5761565882285713,0.021682651284257143,0.8737464428408571
1375056000,2013-07-29T00:00:00,0.30285634285714286,0.0025490408857142856,0.10271877628571431,2.654838701485714,0.02234489240417143,0.9004327929205714
1375142400,2013-07-30T00:00:00,0.3177726857142857,0.0026745867714285713,0.10777790257142858,2.7855953629714283,0.02344542763834286,0.9447810939411428
1375228800,2013-07-31T00:00:00,0.32602988571428565,0.0027440848714285716,0.11057846957142858,2.8579779781714287,0.024054647982942854,0.969330864263143
1375315200,2013-08-01T00:00:00,0.33428708571428567,0.0028135829714285715,0.11337903657142857,2.9303605933714287,0.024663868327542856,0.9938806345851429
1375401600,2013-08-02T00:00:00,0.34174525714285714,0.002876355914285714,0.11590859971428571,2.9957389241142853,0.025214135944628572,1.0160547850954287
1375488000,2013-08-03T00:00:00,0.3432598285714285,0.002889103557142857,0.11642229185714285,3.0090156572571423,0.025325881781914285,1.0205578104197142
1375574400,2013-08-04T00:00:00,0.3555493714285714,0.002992540542857143,0.12059049514285715,3.1167457899428572,0.026232610398685716,1.0570962804222857
1375660800,2013-08-05T00:00:00,0.3683617714285714,0.003100378242857143,0.12493603414285714,3.229059288342857,0.027177915676885718,1.095189275296286
1375747200,2013-08-06T00:00:00,0.3764319428571428,0.003168302185714286,0.1276731672857143,3.299802411085714,0.027773336959971428,1.1191829844265715
1375833600,2013-08-07T00:00:00,0.38509217142857144,0.003241192442857143,0.13061042814285714,3.3757179747428574,0.028412292954085715,1.1449310131002857
1375920000,2013-08-08T00:00:00,0.40326942857142856,0.003394184357142857,0.13677554785714288,3.5350598108571427,0.029753420074714286,1.1989744525157142
1376006400,2013-08-09T00:00:00,0.4142646857142857,0.003486727771428572,0.1405047725714286,3.6314442349714287,0.030564655644342856,1.2316648363611429
1376092800,2013-08-10T00:00:00,0.4314551999999999,0.0036314146,0.14633522200000001,3.7821362832,0.0318329803836,1.2827745560520003
1376179200,2013-08-11T00:00:00,0.44324537142857146,0.0037306485428571434,0.15033405514285716,3.8854889259428567,0.03270286512668571,1.3178283273822857
1376265600,2013-08-12T00:00:00,0.45184902857142856,0.0038030626571428573,0.15325212885714287,3.9609085844571426,0.03333764725251428,1.3434081615617142
1376352000,2013-08-13T00:00:00,0.4539634285714286,0.003820858857142857,0.15396926285714288,3.9794434148571427,0.03349364874171428,1.3496945582057145
1376438400,2013-08-14T00:00:00,0.4674370285714286,0.003934261657142857,0.15853905885714287,4.097552992457143,0.03448773768651429,1.3897533899417145
1376524800,2013-08-15T00:00:00,0.4757221714285714,0.004003994942857143,0.16134910314285714,4.170180554742856,0.03509901966908572,1.4143862381502856
1376611200,2013-08-16T00:00:00,0.48632794285714287,0.004093260185714286,0.1649462272857143,4.263150747085715,0.035881518787971425,1.4459186283865715
1376697600,2013-08-17T00:00:00,0.5016797142857143,0.004222470928571429,0.17015303642857144,4.397724375428571,0.03701418015985714,1.4915615173328571
1376784000,2013-08-18T00:00:00,0.4412508685714286,0.0043501666714285715,0.15104359757142857,3.868005113897143,0.03813356104174286,1.324048176311143
1376870400,2013-08-19T00:00:00,0.38008594285714287,0.004415909014285714,0.13156305171428573,3.3318333750857145,0.038709858419228575,1.1532817113274287
1376956800,2013-08-20T00:00:00,0.32565447428571426,0.004580963214285715,0.11445914621428573,2.8546871215885714,0.040156723536428574,1.0033488757144287
1377043200,2013-08-21T00:00:00,0.2613981771428571,0.0046830049571428565,0.09406585335714286,2.2914164208342855,0.041051221454314286,0.8245812705287143
1377129600,2013-08-22T00:00:00,0.19714198285714285,0.0048506462,0.0738154835,1.728146621725714,0.042520764589200004,0.647066528361
1377216000,2013-08-23T00:00:00,0.13288568571428572,0.004952687942857143,0.05342219064285715,1.1648759209714286,0.04341526250708572,0.46829892317528576
1377302400,2013-08-24T00:00:00,0.05943191999999999,0.0050021866,0.029963593000000004,0.52098021072,0.0438491677356,0.262660856238
1377388800,2013-08-25T00:00:00,0.05949246857142857,0.005007282771428571,0.029994119571428574,0.5215109794971429,0.04389384077434285,0.26292845216314287
1377475200,2013-08-26T00:00:00,0.06112955999999999,0.0051450713,0.0308194865,0.53586172296,0.045101695015800004,0.270163618659
1377561600,2013-08-27T00:00:00,0.062371868571428575,0.005249632271428572,0.03144581707142857,0.5467517998971428,0.04601827649134286,0.27565403244814285
1377648000,2013-08-28T00:00:00,0.06385865142857142,0.005374769828571429,0.032195403428571426,0.5597849384228571,0.04711523231725714,0.28222490645485715
1377734400,2013-08-29T00:00:00,0.06509578285714286,0.005478895057142857,0.032819123857142855,0.5706296325257142,0.048027994070914286,0.2876924397317143
1377820800,2013-08-30T00:00:00,0.06809538857142856,0.005731361871428572,0.03433142507142858,0.5969241762171428,0.05024111816494286,0.3009492721761429
1377907200,2013-08-31T00:00:00,0.07177524,0.0060410827,0.0361866835,0.62918175384,0.0529561309482,0.3172124675610001
1377993600,2013-09-01T00:00:00,0.07569738857142858,0.006371196871428572,0.03816410007142857,0.6635633082171427,0.05584991177494286,0.3345465012261429
1378080000,2013-09-02T00:00:00,0.07844288571428572,0.006602276214285714,0.03954828821428572,0.6876303361714287,0.057875553294428575,0.3466802944864286
1378166400,2013-09-03T00:00:00,0.07984364571428572,0.006720173514285714,0.04025450471428572,0.6999093983314285,0.05890904102622857,0.35287098832542857
1378252800,2013-09-04T00:00:00,0.08131378285714286,0.006843910057142857,0.04099569885714286,0.7127966205257142,0.0599937155609143,0.3593682961817143
1378339200,2013-09-05T00:00:00,0.08398470857142858,0.007068712971428572,0.042342290571428576,0.7362099553371427,0.06196433790754286,0.3711725191491429
1378425600,2013-09-06T00:00:00,0.08620364571428571,0.007255473514285715,0.04346100471428572,0.7556611583314287,0.06360148082622856,0.38097916732542864
1378512000,2013-09-07T00:00:00,0.08445073714285714,0.007107937042857143,0.04257724664285715,0.7402951617942856,0.06230817611768572,0.3732321440712858
1378598400,2013-09-08T00:00:00,0.08369888571428571,0.007044656214285715,0.04219818821428572,0.7337044321714287,0.06175345637442857,0.3699093178864286
1378684800,2013-09-09T00:00:00,0.086691,0.0072964925000000005,0.0437067125,0.759933306,0.063961053255,0.383133041775
1378771200,2013-09-10T00:00:00,0.08997077142857143,0.0075725399285714295,0.04536026392857143,0.7886837823428571,0.06638088501385715,0.3976280735978572
1378857600,2013-09-11T00:00:00,0.09334362857142857,0.007856422071428571,0.04706074607142857,0.8182502480571429,0.06886939587814286,0.4125345000621429
1378944000,2013-09-12T00:00:00,0.09586242857142857,0.008068421071428572,0.04833064107142857,0.8403300488571429,0.07072777911214286,0.42366639963214286
1379030400,2013-09-13T00:00:00,0.09726999428571428,0.008186891185714286,0.04904028878571428,0.8526687699085713,0.07176628813397144,0.42988717149557143
1379116800,2013-09-14T00:00:00,0.10283127428571427,0.008654965585714285,0.05184410078571428,0.9014189503885712,0.07586942832437142,0.4544653874875714
1379203200,2013-09-15T00:00:00,0.10857258857142857,0.009138192871428572,0.05473868007142857,0.9517473114171427,0.08010539871094287,0.47983926950614286
1379289600,2013-09-16T00:00:00,0.10831472571428571,0.009116489414285714,0.054608674214285724,0.9494868856114286,0.07991514620562858,0.47869963816242855
1379376000,2013-09-17T00:00:00,0.11134524,0.0093715577,0.0561365585,0.97605237384,0.08215107479820001,0.492093071811
1379462400,2013-09-18T00:00:00,0.11236537714285713,0.009457419242857142,0.056650877642857145,0.9849948960342856,0.0829037370828857,0.49660159341728577
1379548800,2013-09-19T00:00:00,0.11482191428571428,0.009664177785714285,0.05788938178571429,1.0065289006285714,0.08471618246957144,0.5074583207335716
1379635200,2013-09-20T00:00:00,0.11890501714285714,0.010007838942857143,0.05994794614285715,1.0423213802742857,0.08772871617308571,0.5255036958882858
1379721600,2013-09-21T00:00:00,0.12074187428571428,0.010162441085714288,0.060874028285714296,1.0584232699885714,0.08908395855737142,0.5336217319525715
1379808000,2013-09-22T00:00:00,0.12285353142857143,0.010340172228571429,0.06193865542857143,1.0769340565028571,0.09064194975565713,0.5429542534868572
1379894400,2013-09-23T00:00:00,0.12822841714285713,0.010792558442857144,0.06464849364285714,1.1240503046742856,0.0946075673100857,0.5667086952732857
1379980800,2013-09-24T00:00:00,0.13139573142857144,0.01105914072857143,0.06624534792857142,1.1518149817028571,0.09694442762665714,0.5807067199418573
1380067200,2013-09-25T00:00:00,0.13779822857142857,0.011598017571428572,0.06947327357142857,1.2079392716571427,0.10166822203114285,0.6090027161271429
1380153600,2013-09-26T00:00:00,0.14010702857142857,0.011792341571428572,0.07063729357142857,1.228178212457143,0.10337166621514285,0.6192065154471429
1380240000,2013-09-27T00:00:00,0.1434852,0.012076671,0.072340455,1.2577912632,0.10586409798600001,0.6341364285300001
1380326400,2013-09-28T00:00:00,0.14779234285714285,0.012439188857142859,0.07451197285714285,1.2955476774857142,0.10904192952171429,0.6531719540657143
1380412800,2013-09-29T00:00:00,0.14986782857142855,0.012613875571428571,0.07555836357142857,1.3137413852571427,0.11057323325914285,0.6623446150671429
1380499200,2013-09-30T00:00:00,0.15038382857142857,0.012657305571428574,0.07581851357142858,1.3182646412571428,0.11095394063914286,0.664625089967143
1380585600,2013-10-01T00:00:00,0.15375171428571427,0.012940769285714287,0.0775164892857143,1.3477875274285716,0.11343878355857143,0.6795095450785714
1380672000,2013-10-02T00:00:00,0.1557353142857143,0.013107722285714286,0.07851655428571429,1.3651757650285714,0.11490229355657143,0.6882761148685715
1380758400,2013-10-03T00:00:00,0.16042765714285714,0.013502661142857142,0.08088227714285715,1.4063088425142856,0.11836432757828572,0.7090140414342858
1380844800,2013-10-04T00:00:00,0.1606812,0.013524000999999999,0.08101010500000001,1.4085313991999997,0.11855139276599999,0.7101345804300001
1380931200,2013-10-05T00:00:00,0.16600765714285712,0.013972311142857142,0.08369552714285715,1.4552231225142855,0.12248127947828572,0.7336749909342857
1381017600,2013-10-06T00:00:00,0.17049599999999998,0.01435008,0.0859584,1.4945679359999997,0.12579280128,0.7535113344000001
1381104000,2013-10-07T00:00:00,0.17498725714285715,0.014728094142857142,0.08822274214285715,1.5339382961142858,0.12910647325628571,0.7733605576242858
1381190400,2013-10-08T00:00:00,0.17740251428571427,0.014931378285714284,0.08944043428571428,1.5551104402285711,0.1308884620525714,0.7840348469485715
1381276800,2013-10-09T00:00:00,0.18189137142857142,0.015309190428571429,0.09170356642857144,1.594459761942857,0.13420036329685714,0.8038734633128571
1381363200,2013-10-10T00:00:00,0.18762394285714284,0.015791681857142855,0.09459373785714285,1.6447114830857141,0.13842988315971427,0.8292087060557144
1381449600,2013-10-11T00:00:00,0.1946370857142857,0.016381954714285715,0.09812953071428572,1.7061886933714285,0.14360421502542858,0.8602034662414286
1381536000,2013-10-12T00:00:00,0.20138177142857144,0.016949632428571428,0.10152997642857144,1.765312608342857,0.1485804778688571,0.8900117733728573
1381622400,2013-10-13T00:00:00,0.2109816,0.017757618,0.10636989000000001,1.8494647055999998,0.15566327938799998,0.9324384557400001
1381708800,2013-10-14T00:00:00,0.22614394285714284,0.019033781857142856,0.11401423785714286,1.9823778030857142,0.16685013175971428,0.9994488090557143
1381795200,2013-10-15T00:00:00,0.24195154285714285,0.02036425485714286,0.12198390285714288,2.120947224685714,0.1785130580777143,1.0693108924457144
1381881600,2013-10-16T00:00:00,0.2529294857142857,0.021288231714285715,0.12751861571428572,2.2171798717714286,0.18661263920742857,1.1178281853514287
1381968000,2013-10-17T00:00:00,0.26006142857142855,0.02188850357142857,0.1311143035714286,2.2796984828571425,0.19187462230714286,1.1493479851071429
1382054400,2013-10-18T00:00:00,0.27402634285714284,0.023063883857142857,0.13815494785714286,2.402114921485714,0.20217800589171428,1.2110662729157142
1382140800,2013-10-19T00:00:00,0.29038645714285716,0.02444086014285714,0.14640317214285714,2.5455276833142855,0.21424858001228572,1.2833702070042858
1382227200,2013-10-20T00:00:00,0.3001416,0.025261917999999998,0.15132138999999997,2.6310412656,0.22144597318800002,1.32648330474
1382313600,2013-10-21T00:00:00,0.30795685714285714,0.02591970214285714,0.15526158214285715,2.699549809714285,0.22721210898428573,1.361023029064286
1382400000,2013-10-22T00:00:00,0.32191628571428577,0.027094620714285717,0.16229946071428572,2.8219181605714283,0.23751144518142858,1.4227170726214287
1382486400,2013-10-23T00:00:00,0.33264891428571425,0.027997950285714283,0.16771049428571433,2.9160003826285714,0.24543003220457144,1.4701501929085714
1382572800,2013-10-24T00:00:00,0.34360028571428575,0.028919690714285712,0.17323181071428576,3.0120001045714284,0.25351000880142854,1.5185500527214286
1382659200,2013-10-25T00:00:00,0.35341079999999997,0.029745409,0.17817794500000003,3.0979990728,0.26074825529400003,1.56190786587
1382745600,2013-10-26T00:00:00,0.36095914285714287,0.03038072785714286,0.18198356785714287,3.1641678462857143,0.2663174603957143,1.5952679558357141
1382832000,2013-10-27T00:00:00,0.37518857142857137,0.03157837142857143,0.18915757142857145,3.2889030171428573,0.27681600394285716,1.658155271142857
1382918400,2013-10-28T00:00:00,0.38534759999999996,0.032433423,0.194279415,3.3779570615999996,0.284311386018,1.7030533518900002
1383004800,2013-10-29T00:00:00,0.3827523428571428,0.03221498885714286,0.1929709728571429,3.3552070374857146,0.28239659232171427,1.6915835480657146
1383091200,2013-10-30T00:00:00,0.39729257142857144,0.03343879142857143,0.20030167142857144,3.482666681142857,0.29312444566285717,1.7558444517428573
1383177600,2013-10-31T00:00:00,0.4185320571428571,0.03522644814285714,0.21100991214285716,3.668852012914286,0.3087950444202857,1.8497128898442856
1383264000,2013-11-01T00:00:00,0.4342090285714285,0.03654592657142857,0.21891371857142858,3.806276344457143,0.32036159232514283,1.9189976569971428
1383350400,2013-11-02T00:00:00,0.4430765142857142,0.03729227328571428,0.22338440928571426,3.8840087242285715,0.3269040676225714,1.9581877317985712
1383436800,2013-11-03T00:00:00,0.4474073142857143,0.03765678228571428,0.2255678542857143,3.9219725170285713,0.3300993535165714,1.9773278106685714
1383523200,2013-11-04T00:00:00,0.45407005714285714,0.03821756314285714,0.22892698714285714,3.9803781209142852,0.3350151585102857,2.0067739692942856
1383609600,2013-11-05T00:00:00,0.4624153714285714,0.038919960428571425,0.2331344164285714,4.053533145942857,0.34117237311685716,2.043656294412857
1383696000,2013-11-06T00:00:00,0.46842359999999994,0.039425653,0.23616356500000002,4.106201277599999,0.34560527419799997,2.07020981079
1383782400,2013-11-07T00:00:00,0.46082897142857143,0.03878643842857143,0.23233460642857143,4.0396267635428575,0.3400019192648571,2.036645159952857
1383868800,2013-11-08T00:00:00,0.4498796571428571,0.03786487114285714,0.22681432714285713,3.943645074514286,0.33192346043828574,1.9882543917342856
1383955200,2013-11-09T00:00:00,0.4470248571428571,0.03762459214285714,0.22537503214285715,3.9186198977142856,0.3298171747242857,1.975637531764286
1384041600,2013-11-10T00:00:00,0.45751577142857147,0.03850757742857142,0.2306642014285714,4.010583252342856,0.33755742373885717,2.022002389722857
1384128000,2013-11-11T00:00:00,0.47397359999999994,0.039892778000000004,0.23896169,4.154852577600001,0.34970009194800006,2.09473817454
1384214400,2013-11-12T00:00:00,0.4998416571428571,0.04207000614285714,0.25200350214285716,4.381611966514286,0.3687856738482857,2.209062699784286
1384300800,2013-11-13T00:00:00,0.5020186285714285,0.04225323457142858,0.25310105857142856,4.400695298057143,0.37039185425314286,2.218683879437143
1384387200,2013-11-14T00:00:00,0.5189993142857142,0.04368244228571429,0.2616621542857143,4.549547989028571,0.38292028907657144,2.2937304444685718
1384473600,2013-11-15T00:00:00,0.5329321714285714,0.044855124428571425,0.26868663642857143,4.671683414742857,0.39320002074085714,2.3553070549328576
1384560000,2013-11-16T00:00:00,0.5529606857142857,0.04654085771428571,0.27878434571428573,4.847253370971429,0.40797715872342855,2.4438235745314287
1384646400,2013-11-17T00:00:00,0.5649505714285715,0.04755000642857143,0.2848292464285715,4.952356709142857,0.4168233563528571,2.4968131741928574
1384732800,2013-11-18T00:00:00,0.5645547428571429,0.047516690857142864,0.2846296828571429,4.948886875885714,0.4165313120537143,2.495063799925714
1384819200,2013-11-19T00:00:00,0.5606602285714286,0.04718890257142857,0.2826661985714286,4.9147475636571425,0.41365791994114287,2.4778518966771435
1384905600,2013-11-20T00:00:00,0.5726921142857143,0.04820158628571428,0.2887322742857143,5.020219073828571,0.42253510538057143,2.531027116388572
1384992000,2013-11-21T00:00:00,0.5709214285714286,0.04805255357142857,0.2878395535714286,5.004697242857143,0.4212286846071428,2.523201526607143
1385078400,2013-11-22T00:00:00,0.5879792571428571,0.049488254142857145,0.29643954214285717,5.154226168114286,0.43381403581628575,2.598589026424286
1385164800,2013-11-23T00:00:00,0.5918069142857142,0.04981041528571429,0.2983693192857143,5.187779410628571,0.43663810039457146,2.6155054528585717
1385251200,2013-11-24T00:00:00,0.5926201714285713,0.04987886442857143,0.29877933642857146,5.194908422742857,0.4372381255808571,2.6190996631328574
1385337600,2013-11-25T00:00:00,0.6014497714285714,0.05062202242857143,0.3032309264285714,5.272308696342857,0.4437526486088571,2.6581223010728574
1385424000,2013-11-26T00:00:00,0.6004109142857142,0.05053458528571429,0.3027071692857143,5.2632020746285715,0.44298617461457146,2.6535310459585717
1385510400,2013-11-27T00:00:00,0.6050854285714286,0.050928023571428574,0.3050639035714286,5.304178866857143,0.44643505462714284,2.6741901787071427
1385596800,2013-11-28T00:00:00,0.6211865142857143,0.052283198285714295,0.3131815342857143,5.445320984228571,0.4583145161725714,2.7453493295485716
1385683200,2013-11-29T00:00:00,0.6257948571428571,0.05267106714285714,0.3155049071428571,5.4857177177142855,0.46171457457428566,2.7657160160142857
1385769600,2013-11-30T00:00:00,0.6435984,0.054169532,0.32448086,5.6417835744,0.474850117512,2.84439921876
1385856000,2013-12-01T00:00:00,0.6738944571428572,0.05671945014285714,0.33975512214285714,5.9073588113142845,0.49720269995228566,2.978293400704286
1385942400,2013-12-02T00:00:00,0.6798915428571429,0.05722420485714286,0.3427786528571429,5.959929264685713,0.5016273797777143,3.004797670945714
1386028800,2013-12-03T00:00:00,0.7178763428571429,0.060421258857142855,0.36192932285714285,6.292904021485714,0.5296527551417143,3.172672444165715
1386115200,2013-12-04T00:00:00,0.7311073714285714,0.061534870428571434,0.3685999664285715,6.408887217942857,0.5394146741768572,3.2311473057128572
1386201600,2013-12-05T00:00:00,0.7395805714285715,0.06224803142857143,0.3728718714285715,6.483163289142857,0.5456662435028571,3.268594824942857
1386288000,2013-12-06T00:00:00,0.7710277714285715,0.06489483742857143,0.3887265014285715,6.758829444342857,0.5688681448988572,3.407576511522857
1386374400,2013-12-07T00:00:00,0.7824816,0.065858868,0.39450114000000003,6.8592337055999995,0.577318836888,3.4581969932400005
1386460800,2013-12-08T00:00:00,0.7824815999999999,0.065858868,0.39450114000000003,6.8592337055999995,0.577318836888,3.4581969932400005
1386547200,2013-12-09T00:00:00,0.7927297714285714,0.06672142242857144,0.39966792642857146,6.949069176342857,0.5848799890088572,3.503489043072858
1386633600,2013-12-10T00:00:00,0.7998937714285714,0.06732439242857144,0.40327977642857143,7.011868800342856,0.5901656240288571,3.535150520172858
1386720000,2013-12-11T00:00:00,0.8245311428571428,0.06939803785714285,0.4157011178571429,7.227839998285714,0.6083431998557144,3.6440359991357147
1386806400,2013-12-12T00:00:00,0.8482230857142856,0.07139210971428571,0.42764580571428573,7.435523569371427,0.6258232337554287,3.748743132891429
1386892800,2013-12-13T00:00:00,0.857522057142857,0.07217477314285714,0.4323340371428572,7.517038352914285,0.6326840613702858,3.789840169594286
1386979200,2013-12-14T00:00:00,0.8932357714285714,0.07518067742857142,0.45033970142857144,7.830104772342857,0.6590338183388571,3.947677822722857
1387065600,2013-12-15T00:00:00,0.9126939428571428,0.07681840685714285,0.4601498628571429,8.000675103085714,0.6733901545097142,4.033673697805715
1387152000,2013-12-16T00:00:00,0.9621838285714287,0.08098380557142856,0.48510101357142865,8.434503441257144,0.7099040396391428,4.252395484967143
1387238400,2013-12-17T00:00:00,0.9915898285714285,0.08345881057142857,0.49992653857142866,8.692276437257144,0.7315999334691429,4.382356037117143
1387324800,2013-12-18T00:00:00,1.0179084,0.085673957,0.513195485,8.9229850344,0.7510179070619999,4.498671621510001
1387411200,2013-12-19T00:00:00,1.0666753714285713,0.08977851042857142,0.5377821664285715,9.350476305942859,0.786998422416857,4.714198470912858
1387497600,2013-12-20T00:00:00,1.0697717142857142,0.09003911928571429,0.5393432392857143,9.37761884742857,0.7892829196585714,4.727882835578572
1387584000,2013-12-21T00:00:00,1.0641267428571428,0.08956400085714286,0.5364972328571429,9.328135027885713,0.7851180315137143,4.702934743225716
1387670400,2013-12-22T00:00:00,1.0971894857142857,0.0923467817142857,0.5531663657142858,9.617963031771428,0.8095118885074285,4.84905636185143
1387756800,2013-12-23T00:00:00,1.113687257142857,0.09373534414285714,0.5614839921428572,9.762582496114286,0.8216840267562857,4.921968675124286
1387843200,2013-12-24T00:00:00,1.1266239428571427,0.09482418185714285,0.568006237857143,9.875985483085714,0.8312287781597144,4.9791426810557144
1387929600,2013-12-25T00:00:00,1.135612457142857,0.09558071514285715,0.5725379471428571,9.954778799314285,0.8378605489422857,5.018867644654286
1388016000,2013-12-26T00:00:00,1.1418147428571428,0.09610274085714286,0.5756649328571429,10.009148035885714,0.8424366263537142,5.046278801425714
1388102400,2013-12-27T00:00:00,1.1891979428571429,0.10009082685714286,0.5995539628571429,10.424509167085715,0.8773961882297142,5.255690038405715
1388188800,2013-12-28T00:00:00,1.1925293142857143,0.10037121728571428,0.6012335292857144,10.453711969028571,0.8798540907265714,5.270413117718571
1388275200,2013-12-29T00:00:00,1.191522857142857,0.10028650714285714,0.6007261071428571,10.444889365714285,0.8791115216142857,5.265965055214287
1388361600,2013-12-30T00:00:00,1.1935354285714284,0.10045589857142857,0.6017407785714285,10.462531566857141,0.8805964068771429,5.274859664957143
1388448000,2013-12-31T00:00:00,1.208630057142857,0.10172636314285713,0.6093509871428572,10.594851080914284,0.8917332993102856,5.341570753294286
1388534400,2014-01-01T00:00:00,1.2519029142857143,0.1053684952857143,0.6311677192857142,10.97418094662857,0.9236602296745715,5.532816227258572
1388620800,2014-01-02T00:00:00,1.2323333142857142,0.1037213872857143,0.6213013792857144,10.802633833028569,0.9092216809465715,5.446327890818572
1388707200,2014-01-03T00:00:00,1.2417807428571428,0.10451654585714286,0.6260644578571429,10.885449991885713,0.9161920409837144,5.488081037575715
1388793600,2014-01-04T00:00:00,1.2612678857142856,0.10615671371428571,0.6358892257142859,11.05627428617143,0.9305697524194285,5.574204952611429
1388880000,2014-01-05T00:00:00,1.3254975428571427,0.11156270985714287,0.6682716778571429,11.619311460685713,0.9779587146077143,5.858069528095714
1388966400,2014-01-06T00:00:00,1.3762335428571428,0.11583298985714285,0.6938510778571431,12.064063236685715,1.0153919890877143,6.082298548495715
1389052800,2014-01-07T00:00:00,1.405021542857143,0.11825597985714287,0.708365027857143,12.316418844685714,1.0366319194277143,6.209527834195714
1389139200,2014-01-08T00:00:00,1.4320164,0.12052804699999999,0.7219749350000001,12.553055762400001,1.056548860002,6.32883228021
1389225600,2014-01-09T00:00:00,1.5206631428571427,0.12798914785714285,0.7666676678571429,13.330133110285715,1.1219528701157144,6.720608776435715
1389312000,2014-01-10T00:00:00,1.5520911428571427,0.13063433785714287,0.782512617857143,13.605630958285715,1.1451406056557143,6.859505608135715
1389398400,2014-01-11T00:00:00,1.6354971428571428,0.13765434285714287,0.8245631428571428,14.336767954285715,1.2066779694857142,7.228120510285714
1389484800,2014-01-12T00:00:00,1.6524205714285713,0.13907873142857144,0.8330953714285715,14.485118729142856,1.219164159702857,7.302914025942859
1389571200,2014-01-13T00:00:00,1.6783542857142855,0.1412614857142857,0.8461702857142858,14.712453668571428,1.2382981837714286,7.4175287245714285
1389657600,2014-01-14T00:00:00,1.7114485714285714,0.14404692142857142,0.8628553214285715,15.002558177142857,1.2627153132428572,7.563789747642858
1389744000,2014-01-15T00:00:00,1.7587525714285712,0.14802834142857144,0.8867044214285714,15.417225041142856,1.2976164409628572,7.7728509582428575
1389830400,2014-01-16T00:00:00,1.790658857142857,0.15071378714285716,0.9027905071428572,15.696915541714285,1.3211570580942857,7.913861585614287
1389916800,2014-01-17T00:00:00,1.7964154285714287,0.15119829857142858,0.9056927785714287,15.747377646857142,1.3254042852771428,7.939302896957144
1390003200,2014-01-18T00:00:00,1.8079199999999997,0.1521666,0.9114930000000001,15.84822672,1.3338924156,7.990147638000001
1390089600,2014-01-19T00:00:00,1.8154251428571428,0.15279828285714286,0.915276842857143,15.914016802285714,1.3394297475257144,8.023316804485715
1390176000,2014-01-20T00:00:00,1.8620331428571428,0.15672112285714285,0.938775042857143,16.32258253028571,1.3738173629657144,8.229302025685715
1390262400,2014-01-21T00:00:00,1.8681342857142855,0.15723463571428573,0.9418510357142857,16.376065148571428,1.3783188166714286,8.25626617907143
1390348800,2014-01-22T00:00:00,1.8803348571428573,0.15826151714285716,0.9480021571428571,16.483015357714283,1.3873204592742856,8.310186909514286
1390435200,2014-01-23T00:00:00,1.8681342857142857,0.15723463571428573,0.9418510357142857,16.376065148571424,1.3783188166714286,8.256266179071428
1390521600,2014-01-24T00:00:00,1.9507457142857143,0.1641877642857143,0.9835009642857143,17.100236931428572,1.4392699417285715,8.621369452928572
1390608000,2014-01-25T00:00:00,1.9938702857142856,0.16781741571428574,1.0052429357142858,17.47826692457143,1.4710874661514286,8.811959574471429
1390694400,2014-01-26T00:00:00,2.020314857142857,0.17004316714285714,1.0185754071428572,17.710080037714285,1.4905984031742856,8.928832019014285
1390780800,2014-01-27T00:00:00,2.0482388571428567,0.17239343714285713,1.0326537571428571,17.954861821714285,1.5112008699942856,9.052242835114287
1390867200,2014-01-28T00:00:00,2.082996,0.17531883,1.0501771500000001,18.259542936,1.53684486378,9.2058528969
1390953600,2014-01-29T00:00:00,2.0743645714285717,0.1745923514285714,1.0458254714285715,18.183879833142857,1.5304765526228574,9.167706082542859
1391040000,2014-01-30T00:00:00,2.1334782857142853,0.1795677557142857,1.075628635714286,18.70207065257143,1.5740909465914288,9.428960620671429
1391126400,2014-01-31T00:00:00,2.163061714285714,0.1820576942857143,1.0905436142857143,18.96139898742857,1.5959177481085713,9.559705322828572
1391212800,2014-02-01T00:00:00,2.207929714285714,0.1858340842857143,1.1131645642857144,19.35471187542857,1.6290215828485715,9.758000570528571
1391299200,2014-02-02T00:00:00,2.2714954285714284,0.1911841985714286,1.1452122785714285,19.91192892685714,1.6759206846771428,10.038930833957142
1391385600,2014-02-03T00:00:00,2.2845822857142855,0.19228567571428573,1.151810235714286,20.026648316571425,1.6855762333114284,10.096768526271429
1391472000,2014-02-04T00:00:00,2.318235428571428,0.1951181485714286,1.1687770285714287,20.32165176685714,1.710405690377143,10.245499432457143
1391558400,2014-02-05T00:00:00,2.38932,0.2011011,1.2046155000000003,20.94477912,1.7628522426,10.559659473
1391644800,2014-02-06T00:00:00,2.466850285714286,0.20762656571428573,1.2437036857142858,21.62440960457143,1.8200544750514285,10.90230650897143
1391731200,2014-02-07T00:00:00,2.469109714285714,0.2078167342857143,1.2448428142857144,21.64421575542857,1.8217214927485714,10.912292110028572
1391817600,2014-02-08T00:00:00,2.5223365714285713,0.21229666142857143,1.2716780214285717,22.110802385142854,1.860992534082857,11.147529535842859
1391904000,2014-02-09T00:00:00,2.482878857142857,0.20897563714285713,1.2517847571428573,21.764916061714285,1.831880435194286,10.973145181114287
1391990400,2014-02-10T00:00:00,2.492979428571428,0.20982576857142857,1.2568771285714286,21.853457670857146,1.8393326872971427,11.017784909057143
1392076800,2014-02-11T00:00:00,2.5377771428571427,0.21359624285714288,1.279462642857143,22.246154434285717,1.8723846648857143,11.215769527285715
1392163200,2014-02-12T00:00:00,2.5801559999999997,0.21716313,1.3008286500000001,22.617647496,1.9036519975800001,11.403063945900001
1392249600,2014-02-13T00:00:00,2.5712194285714287,0.21641096857142858,1.2963231285714287,22.539309510857144,1.897058550497143,11.363568545057145
1392336000,2014-02-14T00:00:00,2.6516382857142853,0.22317955571428572,1.336867635714286,23.244261212571434,1.9563919853914287,11.71898169467143
1392422400,2014-02-15T00:00:00,2.6628068571428574,0.22411957714285718,1.3424984571428573,23.34216490971429,1.9646322132342857,11.768341475314287
1392508800,2014-02-16T00:00:00,2.7914382857142854,0.23494605571428573,1.4073501357142857,24.469748012571426,2.059537124391429,12.336831289671432
1392595200,2014-02-17T00:00:00,2.856325714285714,0.24040741428571427,1.4400642142857145,25.038551211428572,2.1074113936285714,12.623602902428573
1392681600,2014-02-18T00:00:00,2.924677714285714,0.2461603742857143,1.4745250142857145,25.63772484342857,2.1578418409885716,12.925686275228573
1392768000,2014-02-19T00:00:00,3.0604337142857143,0.2575865042857143,1.5429686642857143,26.82776193942857,2.2580032965685715,13.525663311128572
1392854400,2014-02-20T00:00:00,2.7100049142857148,0.2638498028571429,1.3857661714285714,23.75590307862857,2.3129073718457143,12.147626258742859
1392940800,2014-02-21T00:00:00,2.323868742857143,0.26205719714285713,1.2078109214285715,20.37103339988571,2.2971933901542854,10.587670537242857
1393027200,2014-02-22T00:00:00,1.9541348571428572,0.26730169428571426,1.0412054714285714,17.129946157714283,2.3431666521085717,9.127207162542858
1393113600,2014-02-23T00:00:00,1.5620298857142856,0.26823911857142857,0.8620011714285715,13.692753978171426,2.3513841133971427,7.556302268742859
1393200000,2014-02-24T00:00:00,1.1995925142857142,0.2763199842857143,0.7002845142857144,10.51562798022857,2.4222209822485716,6.138694052228573
1393286400,2014-02-25T00:00:00,0.8078183999999998,0.2758711114285714,0.520476942857143,7.081336094399998,2.418286162782857,4.5625008810857155
1393372800,2014-02-26T00:00:00,0.32350045714285713,0.27227955142857146,0.2965420857142857,2.8358050073142858,2.386802547822857,2.5994879233714285
1393459200,2014-02-27T00:00:00,0.3264341142857142,0.2747487128571428,0.2992312714285715,2.861521445828571,2.408447216905714,2.6230613253428574
1393545600,2014-02-28T00:00:00,0.3392554285714286,0.2855399857142857,0.3109841428571429,2.973913086857143,2.5030435147714285,2.726086996285715
1393632000,2014-03-01T00:00:00,0.3380744571428571,0.2845460014285714,0.3099015857142858,2.9635606913142856,2.494330248522857,2.7165973003714288
1393718400,2014-03-02T00:00:00,0.33879308571428574,0.28515084714285716,0.31056032857142857,2.969860189371428,2.499632326054286,2.722371840257143
1393804800,2014-03-03T00:00:00,0.33597908571428575,0.2827823971428572,0.30798082857142856,2.9451926653714287,2.478870493354286,2.699759943257143
1393891200,2014-03-04T00:00:00,0.3414910285714285,0.28742161571428565,0.31303344285714285,2.993510356457143,2.5195378833514286,2.7440511600857143
1393977600,2014-03-05T00:00:00,0.34314531428571426,0.2888139728571429,0.31454987142857144,3.0080118250285715,2.5317432860657143,2.7573441729428576
1394064000,2014-03-06T00:00:00,0.34926068571428576,0.2939610771428572,0.32015562857142854,3.061619170971429,2.5768628022342854,2.806484240057143
1394150400,2014-03-07T00:00:00,0.34987954285714284,0.2944819485714286,0.32072291428571426,3.0670440726857144,2.581428761177143,2.8114570666285714
1394236800,2014-03-08T00:00:00,0.35768365714285716,0.3010504114285714,0.3278766857142857,3.1354549385142856,2.639007906582857,2.8741670269714286
1394323200,2014-03-09T00:00:00,0.37036508571428567,0.3117239471428571,0.3395013285714286,3.2466203413714285,2.7325721206542863,2.976068646257143
1394409600,2014-03-10T00:00:00,0.3706902857142857,0.31199765714285715,0.3397994285714286,3.2494710445714285,2.734971462514286,2.978681790857143
1394496000,2014-03-11T00:00:00,0.37686857142857144,0.3171977142857143,0.3454628571428572,3.3036298971428573,2.7805551634285712,3.028327405714286
1394582400,2014-03-12T00:00:00,0.38532291428571425,0.32431345285714286,0.35321267142857143,3.3777406666285716,2.8429317277457145,3.096262277742857
1394668800,2014-03-13T00:00:00,0.38748514285714286,0.32613332857142857,0.3551947142857143,3.396694762285714,2.858884758257143,3.1136368654285715
1394755200,2014-03-14T00:00:00,0.38167919999999994,0.32124666,0.3498726,3.3457998671999998,2.81604822156,3.0669832116
1394841600,2014-03-15T00:00:00,0.3868129714285714,0.3255675842857143,0.3545785571428572,3.3908025075428574,2.8539254438485715,3.1082356319142863
1394928000,2014-03-16T00:00:00,0.39054325714285715,0.32870724142857144,0.35799798571428576,3.423502192114286,2.881447678362857,3.1382103427714285
1395014400,2014-03-17T00:00:00,0.4004065714285714,0.33700886428571436,0.3670393571428572,3.5099640051428573,2.9542197043285716,3.2174670047142864
1395100800,2014-03-18T00:00:00,0.3986586857142857,0.3355377271428571,0.36543712857142857,3.4946420389714286,2.941323716134286,3.2034218690571428
1395187200,2014-03-19T00:00:00,0.3974292,0.33450291,0.3643101,3.4838643672,2.93225250906,3.1935423366
1395273600,2014-03-20T00:00:00,0.4031213142857143,0.33929377285714285,0.3695278714285714,3.5337614410285716,2.9742492128657143,3.2392813209428573
1395360000,2014-03-21T00:00:00,0.42231754285714285,0.3554505985714286,0.3871244142857143,3.702035580685714,3.115879947077143,3.3935326156285717
1395446400,2014-03-22T00:00:00,0.42412851428571424,0.3569748328571429,0.3887844714285715,3.717910556228571,3.1292413848257143,3.4080846765428574
1395532800,2014-03-23T00:00:00,0.43970279999999995,0.37008319,0.4030609,3.8544347447999994,3.24414924354,3.5332318494000003
1395619200,2014-03-24T00:00:00,0.45012685714285716,0.37885677142857144,0.41261628571428577,3.945812029714286,3.3210584583428573,3.6169943605714288
1395705600,2014-03-25T00:00:00,0.46423422857142854,0.3907304757142857,0.4255480428571429,4.069477247657143,3.4251433501114286,3.7303541436857146
1395792000,2014-03-26T00:00:00,0.4741242857142857,0.3990546071428572,0.43461392857142866,4.1561734885714285,3.4981126862142853,3.809825697857143
1395878400,2014-03-27T00:00:00,0.48383039999999994,0.40722392,0.4435112000000001,4.2412572864,3.56972488272,3.8878191792
1395964800,2014-03-28T00:00:00,0.4907034857142857,0.41300876714285717,0.44981152857142864,4.301506755771428,3.620434852774286,3.9430478594571428
1396051200,2014-03-29T00:00:00,0.5037984,0.42403032,0.4618152000000001,4.4162967744,3.7170497851200004,4.0482720432
1396137600,2014-03-30T00:00:00,0.4860231428571429,0.40906947857142856,0.44552121428571434,4.260478870285714,3.585903049157143,3.905438964428572
1396224000,2014-03-31T00:00:00,0.49408697142857133,0.4158565342857143,0.45291305714285723,4.331166391542856,3.6453983795485714,3.9702358589142857
1396310400,2014-04-01T00:00:00,0.5000604,0.42088417,0.45838870000000004,4.3835294664,3.6894706342200005,4.0182353442
1396396800,2014-04-02T00:00:00,0.5162739428571428,0.43453056857142863,0.47325111428571426,4.525657383085714,3.809094964097143,4.148519267828571
1396483200,2014-04-03T00:00:00,0.5295006857142857,0.44566307714285713,0.4853756285714286,4.641603010971428,3.9066825342342857,4.254802760057143
1396569600,2014-04-04T00:00:00,0.5384607428571428,0.4532044585714286,0.4935890142857144,4.7201468718857145,3.9727902838371425,4.326801299228572
1396656000,2014-04-05T00:00:00,0.545289257142857,0.45895179142857145,0.49984848571428575,4.780005628114286,4.0231714036628565,4.381671825771429
1396742400,2014-04-06T00:00:00,0.5643029142857142,0.47495495285714284,0.5172776714285715,4.946679346628571,4.163455116745714,4.534456067742857
1396828800,2014-04-07T00:00:00,0.5662496571428571,0.47659346142857145,0.5190621857142858,4.963744494514286,4.177818282882857,4.550099119971429
1396915200,2014-04-08T00:00:00,0.5631708,0.47400209,0.5162399000000001,4.9367552328,4.15510232094,4.5253589634
1397001600,2014-04-09T00:00:00,0.5630790857142857,0.4739248971428571,0.5161558285714286,4.935951265371428,4.154425648354286,4.524621993257143
1397088000,2014-04-10T00:00:00,0.5568718285714286,0.4687004557142857,0.5104658428571429,4.8815384492571425,4.108628194791428,4.474743578485715
1397174400,2014-04-11T00:00:00,0.5618055428571428,0.4728529985714286,0.5149884142857143,4.924787388685714,4.145029385477143,4.514388439628571
1397260800,2014-04-12T00:00:00,0.5642720571428571,0.47492898142857143,0.5172493857142858,4.946408852914286,4.163227451202857,4.534208115171429
1397347200,2014-04-13T00:00:00,0.5830464,0.49073072,0.5344592,5.1109847423999994,4.30174549152,4.6850693472
1397433600,2014-04-14T00:00:00,0.6049498285714285,0.5091661057142858,0.5545373428571428,5.302990197257143,4.463350082691429,4.861074347485714
1397520000,2014-04-15T00:00:00,0.6299821714285715,0.5302349942857143,0.5774836571428572,5.522423714742857,4.648039959908572,5.062221738514286
1397606400,2014-04-16T00:00:00,0.6289391999999999,0.52935716,0.5765276000000001,5.513281027200001,4.64034486456,5.053840941600001
1397692800,2014-04-17T00:00:00,0.6396080571428572,0.5383367814285714,0.5863073857142859,5.606804228914286,4.719060226002857,5.13957054317143
1397779200,2014-04-18T00:00:00,0.6466284,0.5442455700000001,0.5927427000000002,5.668344554400001,4.770856666619999,5.195982508200001
1397865600,2014-04-19T00:00:00,0.6572261142857142,0.5531653128571429,0.6024572714285715,5.7612441178285705,4.849047132505715,5.281140441342858
1397952000,2014-04-20T00:00:00,0.6655642285714285,0.5601832257142857,0.610100542857143,5.834336027657143,4.910566156611429,5.348141358685715
1398038400,2014-04-21T00:00:00,0.6666101142857143,0.5610635128571428,0.6110592714285714,5.8435042618285715,4.918282753705715,5.356545573342857
1398124800,2014-04-22T00:00:00,0.6632825142857143,0.5582627828571429,0.6080089714285715,5.814334520228572,4.893731554525714,5.329806643542858
1398211200,2014-04-23T00:00:00,0.6784914857142856,0.5710636671428572,0.6219505285714286,5.947656363771428,5.005944106174286,5.452018333457143
1398297600,2014-04-24T00:00:00,0.6767914285714285,0.5696327857142857,0.620392142857143,5.9327536628571425,4.993400999571429,5.438357524285715
1398384000,2014-04-25T00:00:00,0.6898753714285715,0.5806451042857143,0.6323857571428572,6.0474475059428565,5.089934984168572,5.543493547114286
1398470400,2014-04-26T00:00:00,0.6922542857142856,0.5826473571428571,0.6345664285714286,6.0683010685714285,5.107486732714285,5.562609312857142
1398556800,2014-04-27T00:00:00,0.6916596,0.58214683,0.6340213,6.0630880536,5.10309911178,5.557830715800001
1398643200,2014-04-28T00:00:00,0.6803600571428571,0.5726363814285714,0.6236633857142858,5.964036260914285,5.019730519602858,5.467033239171429
1398729600,2014-04-29T00:00:00,0.6916025142857142,0.5820987828571429,0.6339689714285714,6.062587640228571,5.102677930525714,5.5573720035428575
1398816000,2014-04-30T00:00:00,0.6868824,0.57812602,0.6296422,6.021211118399999,5.06785269132,5.519443525200001
1398902400,2014-05-01T00:00:00,0.7170792,0.6035416600000001,0.6573226,6.2859162672,5.2906461915600005,5.7620899116
1398988800,2014-05-02T00:00:00,0.7186122857142856,0.6048320071428571,0.6587279285714286,6.299355296571428,5.301957374614285,5.774409021857143
1399075200,2014-05-03T00:00:00,0.7184905714285714,0.6047295642857142,0.6586163571428572,6.298288349142857,5.301059360528571,5.773430986714287
1399161600,2014-05-04T00:00:00,0.7161791999999999,0.6027841599999999,0.6564976,6.2780268671999995,5.284005946560001,5.754857961600001
1399248000,2014-05-05T00:00:00,0.7110085714285714,0.5984322142857142,0.6517578571428572,6.232701137142857,5.245856790428571,5.713309375714286
1399334400,2014-05-06T00:00:00,0.7404514285714285,0.6232132857142857,0.6787471428571429,6.490797222857144,5.4630876625714295,5.949897454285716
1399420800,2014-05-07T00:00:00,0.7554514285714286,0.6358382857142857,0.6924971428571428,6.622287222857143,5.573758412571428,6.070429954285715
1399507200,2014-05-08T00:00:00,0.7493151428571428,0.6306735785714286,0.6868722142857143,6.568496542285715,5.528484589757142,6.021121830428571
1399593600,2014-05-09T00:00:00,0.7554514285714286,0.6358382857142857,0.692497142857143,6.622287222857143,5.573758412571428,6.070429954285715
1399680000,2014-05-10T00:00:00,0.7806786857142857,0.657071227142857,0.7156221285714286,6.843429358971429,5.759886377134286,6.273143579057144
1399766400,2014-05-11T00:00:00,0.7813604571428572,0.6576450514285714,0.7162470857142857,6.849405767314286,5.764916520822857,6.278621953371429
1399852800,2014-05-12T00:00:00,0.8133274285714285,0.6845505857142857,0.7455501428571429,7.129628238857143,6.000770434371428,6.5354925522857155
1399939200,2014-05-13T00:00:00,0.8032788000000001,0.67609299,0.7363389,7.041541960799999,5.92663115034,6.4547467974
1400025600,2014-05-14T00:00:00,0.8080402285714287,0.6801005257142857,0.740703542857143,7.083280643657143,5.961761208411429,6.493007256685715
1400112000,2014-05-15T00:00:00,0.8231909142857142,0.6928523528571429,0.7545916714285716,7.216091554628571,6.073543725145716,6.614750591742859
1400198400,2014-05-16T00:00:00,0.8438408571428573,0.7102327214285715,0.7735207857142858,7.397108953714286,6.225900036042858,6.780683207571429
1400284800,2014-05-17T00:00:00,0.8523186857142858,0.7173682271428572,0.7812921285714287,7.471425598971428,6.288449879134286,6.848806799057144
1400371200,2014-05-18T00:00:00,0.8784510857142858,0.7393629971428571,0.8052468285714287,7.700502217371429,6.481256032954286,7.058793699257143
1400457600,2014-05-19T00:00:00,0.8880077142857142,0.7474064928571428,0.8140070714285715,7.784275623428571,6.551765316385714,7.135585988142858
1400544000,2014-05-20T00:00:00,0.8993247428571429,0.7569316585714286,0.8243810142857144,7.883480695885715,6.635262919037143,7.2265239712285725
1400630400,2014-05-21T00:00:00,0.9181863428571428,0.7728068385714286,0.8416708142857143,8.048821481485714,6.774424746917143,7.378086358028573
1400716800,2014-05-22T00:00:00,0.9189408,0.7734418400000002,0.8423624000000001,8.055435052799998,6.77999116944,7.3841487984
1400803200,2014-05-23T00:00:00,0.9068693142857143,0.7632816728571429,0.8312968714285714,7.949616409028571,6.690927144265714,7.287148374942858
1400889600,2014-05-24T00:00:00,0.9031849714285715,0.7601806842857144,0.8279195571428571,7.917319459542857,6.663743878448572,7.257542837914286
1400976000,2014-05-25T00:00:00,0.9168694285714285,0.7716984357142858,0.8404636428571429,8.037277410857143,6.764708487471428,7.367504293285715
1401062400,2014-05-26T00:00:00,0.9308987999999999,0.78350649,0.8533239000000001,8.160258880799999,6.8682178913400005,7.4802373074
1401148800,2014-05-27T00:00:00,0.9185357142857142,0.7731008928571429,0.8419910714285714,8.05188407142857,6.777002426785714,7.380893732142858
1401235200,2014-05-28T00:00:00,0.9370849714285713,0.7887131842857142,0.8589945571428572,8.214486859542857,6.913859773448571,7.529946287914286
1401321600,2014-05-29T00:00:00,0.932949257142857,0.7852322914285714,0.8552034857142857,8.178233188114286,6.883346266662857,7.496713755771429
1401408000,2014-05-30T00:00:00,0.9572612571428571,0.8056948914285714,0.8774894857142856,8.391352180114284,7.062721418262856,7.692072831771428
1401494400,2014-05-31T00:00:00,0.9614014285714285,0.8091795357142858,0.8812846428571429,8.427644922857143,7.093267810071429,7.7253411792857145
1401580800,2014-06-01T00:00:00,0.9738756000000001,0.81967863,0.8927193000000001,8.5369935096,7.185302870580001,7.8255773838
1401667200,2014-06-02T00:00:00,1.0050608571428572,0.8459262214285713,0.9213057857142858,8.810363473714284,7.415389257042857,8.07616651757143
1401753600,2014-06-03T00:00:00,1.0424833714285715,0.8774235042857143,0.9556097571428573,9.138409233942857,7.691494438568571,8.376875131114286
1401840000,2014-06-04T00:00:00,1.053175542857143,0.8864227485714287,0.9654109142857143,9.232136808685713,7.770381813977143,8.462792074628572
1401926400,2014-06-05T00:00:00,1.0651937142857144,0.8965380428571429,0.9764275714285715,9.33748809942857,7.859052483685715,8.559364091142857
1402012800,2014-06-06T00:00:00,1.055654057142857,0.8885088314285714,0.9676828857142858,9.253863464914286,7.788668416302857,8.48270817617143
1402099200,2014-06-07T00:00:00,1.0799645142857144,0.9089701328571429,0.9899674714285716,9.46696893222857,7.968032184625714,8.678054854542859
1402185600,2014-06-08T00:00:00,1.0602911999999998,0.89241176,0.9719336000000001,9.294512659199999,7.82288148816,8.5199699376
1402272000,2014-06-09T00:00:00,1.0446169714285714,0.8792192842857143,0.9575655571428572,9.157112371542857,7.707236246048571,8.394019673914286
1402358400,2014-06-10T00:00:00,1.0533284571428572,0.8865514514285715,0.9655510857142858,9.233477255314284,7.7715100232228576,8.46402081737143
1402444800,2014-06-11T00:00:00,1.0383276000000001,0.87392573,0.9518003,9.1019797416,7.66083294918,8.343481429800002
1402531200,2014-06-12T00:00:00,1.0729967999999999,0.9031056399999999,0.9835804,9.405889948799999,7.91662404024,8.6220657864
1402617600,2014-06-13T00:00:00,1.0970415428571427,0.9233432985714286,1.0056214142857143,9.616666164685714,8.094027355277143,8.815277317628572
1402704000,2014-06-14T00:00:00,1.1200844571428572,0.9427377514285714,1.0267440857142858,9.818660351314284,8.264039129022857,9.000438655371429
1402790400,2014-06-15T00:00:00,1.1741850857142857,0.9882724471428572,1.0763363285714287,10.292906461371429,8.663196271654286,9.435164256257142
1402876800,2014-06-16T00:00:00,1.206244457142857,1.0152557514285714,1.1057240857142858,10.573938911314285,8.899731917022857,9.69277733537143
1402963200,2014-06-17T00:00:00,1.2232769142857143,1.029591402857143,1.1213371714285716,10.72324543062857,9.025398237445714,9.829641644742859
1403049600,2014-06-18T00:00:00,1.2550709142857142,1.0563513528571429,1.1504816714285717,11.00195163462857,9.259975959145715,10.085122331742857
1403136000,2014-06-19T00:00:00,1.2743412,1.07257051,1.1681461000000002,11.1708749592,9.402153090659999,10.239968712600001
1403222400,2014-06-20T00:00:00,1.3244245714285714,1.1147240142857144,1.2140558571428575,11.609905793142856,9.771670709228571,10.642413643714287
1403308800,2014-06-21T00:00:00,1.35948,1.144229,1.2461900000000001,11.91720168,10.030311414,10.92410154
1403395200,2014-06-22T00:00:00,1.3756302857142857,1.157822157142857,1.2609944285714287,12.058775084571426,10.149469029514284,11.053877160857143
1403481600,2014-06-23T00:00:00,1.3891954285714285,1.1692394857142858,1.273429142857143,12.17768712685714,10.249553331771429,11.162879866285715
1403568000,2014-06-24T00:00:00,1.4205342857142857,1.1956163571428573,1.3021564285714287,12.452403548571429,10.480772986714285,11.414703252857143
1403654400,2014-06-25T00:00:00,1.457004,1.2263117000000001,1.335587,12.772097063999999,10.7498483622,11.707755642
1403740800,2014-06-26T00:00:00,1.461593142857143,1.2301742285714288,1.3397937142857146,12.812325490285714,10.783707287657142,11.744631699428572
1403827200,2014-06-27T00:00:00,1.4742137142857141,1.240796542857143,1.3513625714285717,12.922957419428572,10.876822494685715,11.846044301142857
1403913600,2014-06-28T00:00:00,1.4696262857142857,1.2369354571428572,1.3471574285714287,12.882744020571428,10.842976217314286,11.809182018857143
1404000000,2014-06-29T00:00:00,1.4709805714285713,1.2380753142857144,1.3483988571428573,12.894615689142856,10.852968205028573,11.820064381714287
1404086400,2014-06-30T00:00:00,1.458252,1.2273621000000001,1.3367310000000001,12.783037032,10.759056168599999,11.717783946
1404172800,2014-07-01T00:00:00,1.4331891428571428,1.2062675285714286,1.3137567142857145,12.563336026285713,10.574141155457143,11.516391357428573
1404259200,2014-07-02T00:00:00,1.4150057142857142,1.0383537829398715,1.2139844645429287,12.40394009142857,9.102209261250913,10.641787816183312
1404345600,2014-07-03T00:00:00,1.4180451428571428,0.886074871025,1.1324533760178572,12.430583722285714,7.76733231940515,9.927086294172536
1404432000,2014-07-04T00:00:00,1.4299525714285715,0.7111840676206571,1.042673381236143,12.534964241142857,6.23423953676268,9.140074859916028
1404518400,2014-07-05T00:00:00,1.439004,0.5494836281995142,0.9587672579304286,12.614309063999999,4.816773484796942,8.404553783018137
1404604800,2014-07-06T00:00:00,1.4346634285714284,0.38765160971681434,0.8686514826605001,12.576259614857142,3.3981540107775943,7.614598897001943
1404691200,2014-07-07T00:00:00,1.4604617142857141,0.24227417943612856,0.8013097695656428,12.802407387428572,2.123775456937103,7.024281440012425
1404777600,2014-07-08T00:00:00,1.4848268571428573,0.09569052058401428,0.7326543421850714,13.015992229714286,0.8388231034394692,6.422447963594336
1404864000,2014-07-09T00:00:00,1.5263897142857143,0.09836906281122858,0.7531625971461429,13.380332235428572,0.8623032046032296,6.602223326583088
1404950400,2014-07-10T00:00:00,1.5407211428571428,0.09929265996608572,0.7602341175204286,13.505961538285714,0.8703994572627074,6.664212274184076
1405036800,2014-07-11T00:00:00,1.5263897142857143,0.09836906281122858,0.7531625971461429,13.38033223542857,0.8623032046032296,6.602223326583088
1405123200,2014-07-12T00:00:00,1.5339960000000001,0.09885925426770001,0.7569157473735001,13.447008936,0.8666002229106582,6.635123441476102
1405209600,2014-07-13T00:00:00,1.5668554285714287,0.10097689903615714,0.7731294916957856,13.735054686857142,0.8851634969509534,6.777253124205258
1405296000,2014-07-14T00:00:00,1.551313714285714,0.09997530432252857,0.7654607831176429,13.59881601942857,0.8763835176912854,6.710029224809257
1405382400,2014-07-15T00:00:00,1.5712285714285714,0.10125872874214285,0.7752873204607144,13.773389657142857,0.8876340161536243,6.796168651158622
1405468800,2014-07-16T00:00:00,1.5460525714285713,0.09963624694594286,0.7628647907697143,13.552696841142856,0.8734113407281351,6.6872727558873155
1405555200,2014-07-17T00:00:00,1.5866074285714284,0.10224982803355716,0.7828756708527856,13.908200718857143,0.8963219925421618,6.862688130695519
1405641600,2014-07-18T00:00:00,1.6171285714285712,0.10421678063464286,0.7979356407982142,14.175749057142855,0.9135642990432792,6.994703827237147
1405728000,2014-07-19T00:00:00,1.653162857142857,0.1065390308972143,0.8157159468110714,14.491625605714287,0.9339211448449803,7.150565989745852
1405814400,2014-07-20T00:00:00,1.645776,0.1060629806412,0.8120710686660001,14.426872416,0.9297480883007591,7.118614987926157
1405900800,2014-07-21T00:00:00,1.6753234285714285,0.10796718166525714,0.8266505812462858,14.685885174857143,0.9464403144776441,7.24641899520494
1405987200,2014-07-22T00:00:00,1.6502091428571428,0.10634867708168572,0.8142585030784285,14.465733346285713,0.932252503298057,7.137790037985504
1406073600,2014-07-23T00:00:00,1.6531645714285712,0.10653914137534286,0.8157167926867144,14.491640633142856,0.9339221132962555,7.150573404691737
1406160000,2014-07-24T00:00:00,1.6103211428571427,0.10377807198608573,0.7945766686204286,14.116075138285712,0.9097185790300274,6.965259077126676
1406246400,2014-07-25T00:00:00,1.5990531428571428,0.10305189924698573,0.7890167280199286,14.017299850285713,0.9033529487990768,6.9165206378226936
1406332800,2014-07-26T00:00:00,1.551516,0.0999883407417,0.7655605964434999,13.600589255999997,0.8764977949417423,6.71090418842372
1406419200,2014-07-27T00:00:00,1.5668159999999998,0.1009743580392,0.773110036556,13.734709055999998,0.8851412225716272,6.777082580449895
1406505600,2014-07-28T00:00:00,1.5773262857142856,0.10165169944547144,0.7782961001223571,13.82684222057143,0.8910787973390025,6.822543613672582
1406592000,2014-07-29T00:00:00,1.6054457142857141,0.10346387218842858,0.7921709982921429,14.073337131428572,0.9069643036037648,6.9441709710289246
1406678400,2014-07-30T00:00:00,1.6643794285714282,0.10726188929245714,0.8212505111422858,14.589950070857142,0.9402577215376794,7.199081980673277
1406764800,2014-07-31T00:00:00,1.6990062857142856,0.10949343701147142,0.8383363532523571,14.893489100571427,0.9598194688425584,7.348856472610163
1406851200,2014-08-01T00:00:00,1.7068474285714283,0.10999876397155714,0.8422053884427857,14.962224558857143,0.96424916497467,7.38277243508946
1406937600,2014-08-02T00:00:00,1.7531502857142856,0.11298277822427143,0.8650524895563573,15.368115404571428,0.9904070339139633,7.583050123451026
1407024000,2014-08-03T00:00:00,1.754748,0.11308574384009999,0.8658408456555,15.382120967999999,0.9913096305023166,7.589960853016113
1407110400,2014-08-04T00:00:00,1.7196205714285715,0.11082193650754284,0.8485080078577143,15.074193929142856,0.9714650954251207,7.438021196880724
1407196800,2014-08-05T00:00:00,1.6972662857142857,0.10938130171097145,0.8374777894748571,14.878236260571427,0.9588364907983757,7.341330302536598
1407283200,2014-08-06T00:00:00,1.6844931428571428,0.10855812917498572,0.8311751700599286,14.766266890285715,0.9516205603479249,7.286081540745334
1407369600,2014-08-07T00:00:00,1.6940725714285716,0.10917548095744287,0.8359019231522142,14.850240161142858,0.9570322660729442,7.32751625835231
1407456000,2014-08-08T00:00:00,1.7068405714285715,0.10999832205904288,0.8422020049402142,14.962164449142856,0.9642452911695697,7.382742775305919
1407542400,2014-08-09T00:00:00,1.7525811428571427,0.11294609948558572,0.8647716588429285,15.363126298285712,0.9900855080906444,7.580588361417112
1407628800,2014-08-10T00:00:00,1.804285714285714,0.11627823032142857,0.8902841141071428,15.816368571428571,1.019294966997643,7.8042305442632145
1407715200,2014-08-11T00:00:00,1.9059102857142858,0.12282748426127142,0.9404284680913572,16.70720956457143,1.0767057270343052,8.243795951288837
1407801600,2014-08-12T00:00:00,1.9829074285714283,0.12778960940605713,0.9784209725902856,17.382166518857144,1.1202037160534968,8.576838245726444
1407888000,2014-08-13T00:00:00,1.9648422857142855,0.12662539088717142,0.9695071350658572,17.223807476571427,1.1099981765169447,8.498699545987304
1407974400,2014-08-14T00:00:00,2.012010857142857,0.1296651965948143,0.9927814033790714,17.637287173714288,1.1366451133501418,8.70272178202094
1408060800,2014-08-15T00:00:00,2.0259805714285712,0.13056548286454286,0.9996744439927143,17.759745689142857,1.1445370227905827,8.763146176040133
1408147200,2014-08-16T00:00:00,1.9856297142857142,0.1279650486742286,0.9797642231111429,17.40603007542857,1.1217416166782876,8.58861317979228
1408233600,2014-08-17T00:00:00,1.9738594285714284,0.12720650584345713,0.9739564409472857,17.302851750857144,1.1150922302237452,8.537702161343907
1408320000,2014-08-18T00:00:00,2.0007617142857144,0.12894023911512859,0.987230767410643,17.538677187428572,1.130290136083217,8.654064907121695
1408406400,2014-08-19T00:00:00,2.0325102857142854,0.13098629405627144,1.0028963843163572,17.816985164571427,1.1482258536972751,8.791389704917187
1408492800,2014-08-20T00:00:00,2.132125714285714,0.13740606762942856,1.0520493720471429,18.690214011428573,1.204501588839571,9.222264795365254
1408579200,2014-08-21T00:00:00,2.164767428571429,0.13950968167555713,1.0681556901627858,18.97635127885714,1.222941869567934,9.363452779966979
1408665600,2014-08-22T00:00:00,2.2063731428571427,0.14219098585598572,1.0886850920149287,19.341066970285713,1.2464461820135706,9.543413516602865
1408752000,2014-08-23T00:00:00,2.269908,0.14628552625709998,1.1200349350905001,19.898013528,1.2823389231697384,9.818226241003325
1408838400,2014-08-24T00:00:00,2.2807542857142855,0.14698452137657142,1.1253867902828572,19.99309206857143,1.288466314387025,9.865140603619526
1408924800,2014-08-25T00:00:00,2.2262365714285717,0.14347109593174287,1.0984862530887143,19.51518978514286,1.2576676269376577,9.629330494575669
1409011200,2014-08-26T00:00:00,1.9288565412154284,0.1452263724384857,0.9631429162166428,16.908356440294448,1.2730543807957655,8.442910803555092
1409097600,2014-08-27T00:00:00,1.611745059066857,0.1452263724384857,0.8178001535652142,14.12855718778007,1.2730543807957655,7.168836146152669
1409184000,2014-08-28T00:00:00,1.3033833145679998,0.14627392605359998,0.677038137325,11.425458135503087,1.2822372357858576,5.934916311790951
1409270400,2014-08-29T00:00:00,1.0108113768737141,0.14797628353675712,0.5438696922340001,8.860772529674978,1.297160101483213,4.7675617221232445
1409356800,2014-08-30T00:00:00,0.709945926246857,0.15059527805267142,0.40739921249578565,6.223385989479949,1.3201182074097175,3.571261496738057
1409443200,2014-08-31T00:00:00,0.4427141948537142,0.1562527525386857,0.28799880521185717,3.8808326320876594,1.3697116287541191,2.5245975264871396
1409529600,2014-09-01T00:00:00,0.18867161647542854,0.1587986105334857,0.17294898176914283,1.6538953900236069,1.3920286199365357,1.5160707741883066
1409616000,2014-09-02T00:00:00,0.18806400864514283,0.15828720727632856,0.1723920079247143,1.6485690997833224,1.387545658984296,1.5111883414680456
1409702400,2014-09-03T00:00:00,0.19201615039542855,0.1616135932494857,0.17601480452914284,1.683213574366327,1.4167047584249917,1.5429457765024666
1409788800,2014-09-04T00:00:00,0.19337732844685712,0.16275925144277142,0.17726255107628572,1.6951456611651496,1.4267475981473343,1.5538835227347207
1409875200,2014-09-05T00:00:00,0.192878536104,0.1623394345542,0.176805324762,1.690773247487664,1.4230674833021173,1.549875476863692
1409961600,2014-09-06T00:00:00,0.1965978205868571,0.16546983232727142,0.18021466887128573,1.7233764952643895,1.4505085501808614,1.5797617873256906
1410048000,2014-09-07T00:00:00,0.1949011390542857,0.16404179203735714,0.1786593774664286,1.7085033849498683,1.4379903489994725,1.5661281028707132
1410134400,2014-09-08T00:00:00,0.1963329356005714,0.16524688746381427,0.17997185763385715,1.721054513474609,1.448554215507796,1.5776333040183919
1410220800,2014-09-09T00:00:00,0.19615402666285714,0.16509630577457143,0.1798078577742857,1.7194861977266058,1.4472342164198932,1.576195681249389
1410307200,2014-09-10T00:00:00,0.19400633184342858,0.16328866263488573,0.17783913752314287,1.7006595049394946,1.431388416657408,1.5589378795278706
1410393600,2014-09-11T00:00:00,0.1961538954017143,0.16509619529644287,0.17980773745157144,1.7194850470914271,1.4472332479686183,1.5761946265004754
1410480000,2014-09-12T00:00:00,0.19776473214685714,0.16645198289027144,0.18128433780128575,1.7336056419993497,1.4591180820161191,1.5891385051660707
1410566400,2014-09-13T00:00:00,0.19863971892514284,0.16718843009532858,0.1820864090147143,1.7412757760978022,1.4655737782156504,1.5961694614229853
1410652800,2014-09-14T00:00:00,0.20165203089257142,0.1697237926679143,0.18484769498485715,1.7676817028042813,1.4877987665269365,1.6203748942372578
1410739200,2014-09-15T00:00:00,0.2066329974805714,0.17391610621281428,0.18941358102385714,1.811344855914689,1.52454858706153,1.6603994512551314
1410825600,2014-09-16T00:00:00,0.21378633598285712,0.1799368327855714,0.1959708079842857,1.8740510212257253,1.577326276198319,1.7178801027902484
1410912000,2014-09-17T00:00:00,0.2218906614651428,0.18675797339982855,0.2033997730097143,1.9450935384034425,1.6371203948228972,1.7830024102031554
1410998400,2014-09-18T00:00:00,0.22630589252742855,0.19047412621058574,0.20744706815014285,1.9837974538954388,1.6696961903619942,1.8184809994041522
1411084800,2014-09-19T00:00:00,0.23202743448342852,0.1952897573568857,0.21269181494314288,2.0339524906817346,1.71191001299046,1.8644564497915905
1411171200,2014-09-20T00:00:00,0.2333729924588571,0.1964222686528714,0.21392524308728572,2.0457476518943416,1.721837607011071,1.875268680903147
1411257600,2014-09-21T00:00:00,0.2345408228468571,0.1974051925627714,0.21499575427628573,2.05598485307555,1.7304539180052545,1.8846527819859207
1411344000,2014-09-22T00:00:00,0.2364872943342857,0.1990434727313571,0.2167800198064286,2.073047622134349,1.7448150819630768,1.9002936536231532
1411430400,2014-09-23T00:00:00,0.2323999536068571,0.19560329428577145,0.21303329080628575,2.03721799331771,1.7146584777090723,1.8674498272079008
1411516800,2014-09-24T00:00:00,0.22656080166685713,0.19068867473627144,0.20768073486128572,1.9860319874116696,1.6715769227381556,1.8205293217940306
1411603200,2014-09-25T00:00:00,0.22601803684114283,0.19023184767462856,0.2071832004377143,1.9812741109494583,1.6675723767157942,1.8161679350370037
1411689600,2014-09-26T00:00:00,0.22304103412114284,0.18772620371862855,0.2044542812777143,1.9551777051059385,1.6456079017974983,1.7922462296804436
1411776000,2014-09-27T00:00:00,0.21909073002685714,0.18440136443927144,0.20083316919128572,1.9205493394154298,1.6164623606746533,1.7605035611308106
1411862400,2014-09-28T00:00:00,0.21657156617314285,0.18228106819572856,0.1985239356587143,1.89846634907377,1.5978758438037566,1.7402608199842895
1411948800,2014-09-29T00:00:00,0.214856901864,0.1808378924022,0.19695216004200003,1.8834356017398242,1.5852249647976853,1.7264826349281723
1412035200,2014-09-30T00:00:00,0.22026433590514283,0.18538914938682854,0.2019089745797143,1.9308371685444823,1.6251212835249391,1.7699340711657758
1412121600,2014-10-01T00:00:00,0.22495626545657138,0.1893381900926143,0.20620991000185715,1.971966622992305,1.659738574351857,1.8076360710762798
1412208000,2014-10-02T00:00:00,0.22186952842114285,0.18674018642112858,0.2033804010527143,1.9449082861397382,1.636964474167613,1.7828325956280935
1412294400,2014-10-03T00:00:00,0.22458348381085713,0.18902443220747145,0.20586819349328572,1.9686988190859736,1.6569881727306943,1.8046405841621425
1412380800,2014-10-04T00:00:00,0.2291067427937143,0.19283150851804284,0.21001451422757147,2.008349707329699,1.6903610036691636,1.8409872317188911
1412467200,2014-10-05T00:00:00,0.23792722907142855,0.2002554178017857,0.21809995998214288,2.085670090040143,1.7554389924504537,1.9118642492034645
1412553600,2014-10-06T00:00:00,0.24335527111199998,0.2048240198526,0.223075665186,2.1332523065677917,1.7954873580278916,1.9554812810204762
1412640000,2014-10-07T00:00:00,0.2390581750782857,0.20120729735755716,0.2191366604884286,2.0955839627362525,1.763783168636346,1.920951965841565
1412726400,2014-10-08T00:00:00,0.2365703826377143,0.19911340538674285,0.21685618408457144,2.0737759742022033,1.745428111620188,1.9009613096853535
1412812800,2014-10-09T00:00:00,0.23893662726,0.2011049946105,0.219025241655,2.09451847456116,1.762886382755643,1.9199752683477302
1412899200,2014-10-10T00:00:00,0.24131704808571428,0.20310851547214284,0.22120729407857145,2.115385243519371,1.7804492466288042,1.9391031398927576
1412985600,2014-10-11T00:00:00,0.23937595830514286,0.20147476490682856,0.2194279617797143,2.098369650502882,1.7661277891732594,1.9235055129609755
1413072000,2014-10-12T00:00:00,0.23495573931942856,0.1977544139271857,0.21537609437614288,2.0596220108741106,1.73351519248571,1.8879868433012683
1413158400,2014-10-13T00:00:00,0.23394358464685713,0.19690251707777143,0.21444828592628573,2.0507494630143497,1.7260474647037445,1.8798536744298209
1413244800,2014-10-14T00:00:00,0.2337850211862857,0.1967690594984571,0.2143029360874286,2.0493594957189805,1.7248775755634753,1.8785795377423988
1413331200,2014-10-15T00:00:00,0.235704190356,0.1983843602163,0.21606217449300003,2.0661829326606957,1.7390373016560858,1.8940010216056378
1413417600,2014-10-16T00:00:00,0.23592890943257142,0.19857349877241423,0.21626816697985715,2.068152820085921,1.7406952902389836,1.8958067517454276
1413504000,2014-10-17T00:00:00,0.2329599136422857,0.1960745939822571,0.21354658750542857,2.0421266029882763,1.7187898908484662,1.8719493860725867
1413590400,2014-10-18T00:00:00,0.23752767015257142,0.19991912237841425,0.21773369763985714,2.082167556557441,1.7524910267691796,1.9086535935109878
1413676800,2014-10-19T00:00:00,0.23410188558514283,0.19703575370082854,0.2145933951197143,2.052137129039362,1.7272154169414633,1.8811257016194156
1413763200,2014-10-20T00:00:00,0.22999091785200002,0.19357568919209997,0.210825008031,2.016100385890632,1.6968844914579488,1.848092020399746
1413849600,2014-10-21T00:00:00,0.23478706875085711,0.1976124495319714,0.2152214796882857,2.0581434446700135,1.732270732597262,1.8866314909475128
1413936000,2014-10-22T00:00:00,0.23661422385942857,0.1991503050816857,0.21689637187114288,2.0741602863517508,1.7457515743460572,1.9013135958224383
1414022400,2014-10-23T00:00:00,0.2379601756182857,0.20028314781205717,0.2181301609834286,2.0859588994698925,1.755682073720493,1.912128991180735
1414108800,2014-10-24T00:00:00,0.242862779304,0.20440950591419998,0.22262421436200003,2.128935123378864,1.7918537288438772,1.9515238630972924
1414195200,2014-10-25T00:00:00,0.24180166422514285,0.20351640072282856,0.22165152553971432,2.119633388597602,1.7840247687363153,1.9429972728811358
1414281600,2014-10-26T00:00:00,0.2407763834382857,0.20265345606055712,0.2207116848184286,2.1106457772200122,1.776460195826844,1.9347586291183452
1414368000,2014-10-27T00:00:00,0.2468209590668571,0.20774097388127144,0.22625254581128576,2.1636325271800696,1.8210573770432252,1.9833298165817308
1414454400,2014-10-28T00:00:00,0.24428039964685713,0.20560266970277138,0.22392369967628573,2.1413619833043493,1.802313002614494,1.9629151513623206
1414540800,2014-10-29T00:00:00,0.2443612565108571,0.2056707242299714,0.22399781846828573,2.1420707745741736,1.8029095685999295,1.963564876692993
1414627200,2014-10-30T00:00:00,0.2491306301365714,0.20968494703161428,0.22836974429185714,2.1838791037771847,1.8380982456791306,2.0018891784624198
1414713600,2014-10-31T00:00:00,0.2559400644445714,0.2154162209075143,0.23461172574085715,2.243570604921113,1.88833859247527,2.056606387844354
1414800000,2014-11-01T00:00:00,0.2568792379217143,0.21620669191744285,0.23547263476157143,2.251803399621747,1.8952678613483038,2.064153116319935
1414886400,2014-11-02T00:00:00,0.2639234984142857,0.22213561116535713,0.24192987354642856,2.313553387099628,1.9472407674755206,2.1207572715079928
1414972800,2014-11-03T00:00:00,0.26627162899885715,0.2241119544073714,0.24408232658228574,2.3341370998039817,1.9645653923350177,2.1396256748203166
1415059200,2014-11-04T00:00:00,0.2719070636451429,0.2288551119013286,0.24924814167471432,2.383537319913322,2.0061439109270465,2.1849092099205456
1415145600,2014-11-05T00:00:00,0.2707246632702857,0.22785992491915713,0.24816427466442859,2.3731723982273243,1.9974201018413313,2.175408031708381
1415232000,2014-11-06T00:00:00,0.27060324671314284,0.22775773265022856,0.2480529761537143,2.3721080606874096,1.9965242844119035,2.1744323889634596
1415318400,2014-11-07T00:00:00,0.26522167111714284,0.22322823985692855,0.2431198651907143,2.324933169012874,1.9568187505858357,2.1311887382618018
1415404800,2014-11-08T00:00:00,0.26742475813885713,0.22508250476687142,0.24513936162728572,2.344245429845221,1.9730732367863948,2.1488916440247867
1415491200,2014-11-09T00:00:00,0.269791790328,0.2270747568594,0.24730914113400002,2.364994834015248,1.9905373186295006,2.1679119311806443
1415577600,2014-11-10T00:00:00,0.2680962901457143,0.22564771087264288,0.24575493263357145,2.3501320794173313,1.9780278335095873,2.1542877394658873
1415664000,2014-11-11T00:00:00,0.2633929408748571,0.22168905856967142,0.24144352913528572,2.3089025197089974,1.9433262874217399,2.116493976399915
1415750400,2014-11-12T00:00:00,0.26616714512914286,0.22402401381702858,0.24398654970171432,2.3332211942020664,1.9637945051200725,2.1387860946852273
1415836800,2014-11-13T00:00:00,0.2638414602,0.222066562335,0.24185467185000004,2.3128342401132,1.9466354854286099,2.1200980534371
1415923200,2014-11-14T00:00:00,0.2648751417,0.22293657759750002,0.242802213225,2.3218954921422,1.9542620392196848,2.1284042011303503
1416009600,2014-11-15T00:00:00,0.2615157752708571,0.22010911085297144,0.23972279399828572,2.2924472860243337,1.9294764657371473,2.1014100121889725
1416096000,2014-11-16T00:00:00,0.2615157752708571,0.2201091108529714,0.23972279399828572,2.2924472860243337,1.9294764657371473,2.1014100121889725
1416182400,2014-11-17T00:00:00,0.26074054696114285,0.21945662702562857,0.23901216804771427,2.285651634661378,1.9237567925066599,2.0951806651062634
1416268800,2014-11-18T00:00:00,0.2672919218622857,0.22497070090075713,0.24501759504042858,2.343080987044796,1.9720931640960369,2.147824238124397
1416355200,2014-11-19T00:00:00,0.26638215088114287,0.22420497699162856,0.24418363830771428,2.335105934624098,1.9653808283086158,2.140513773405423
1416441600,2014-11-20T00:00:00,0.2652002755508571,0.2232102319219714,0.24310025258828571,2.3247456154788138,1.9566608930280014,2.1310168141889125
1416528000,2014-11-21T00:00:00,0.2588001134862857,0.21782342885095712,0.23723343736242858,2.2686417948207804,1.90944017730749,2.079588311919049
1416614400,2014-11-22T00:00:00,0.2631176862582857,0.22145738593405717,0.24119121240342858,2.3064896377401323,1.9412954450979447,2.114282167928455
1416700800,2014-11-23T00:00:00,0.2616956030365714,0.22026046588911427,0.23988763611685718,2.294023656218585,1.9308032439839757,2.1028550182003696
1416787200,2014-11-24T00:00:00,0.2631388193022857,0.22147517291275715,0.2412105843604286,2.3066748900038365,1.941451365753229,2.114451982503517
1416873600,2014-11-25T00:00:00,0.2579625361337143,0.21711846791254286,0.23646565812257145,2.261299591748139,1.9032604897213508,2.0728579591024614
1416960000,2014-11-26T00:00:00,0.256910740596,0.2162332066683,0.23550151221300003,2.2520795520645356,1.8955002896543174,2.064406256059158
1417046400,2014-11-27T00:00:00,0.2576996200645714,0.21689718022101429,0.23622465172585713,2.258994869486033,1.901320681817411,2.070745297028864
1417132800,2014-11-28T00:00:00,0.2632217763445714,0.2215449950900143,0.24128662831585718,2.3074020914365128,1.9420634269590649,2.1151185838168036
1417219200,2014-11-29T00:00:00,0.2640106558131428,0.2222089686427286,0.24200976782871428,2.3143174088580096,1.9478838191221588,2.1214576247865096
1417305600,2014-11-30T00:00:00,0.2687439326245714,0.22619280995901428,0.24634860490585714,2.3558093133869926,1.982806172100719,2.1594918706047435
1417392000,2014-12-01T00:00:00,0.2642735718822857,0.22243025633425711,0.24225077422542857,2.3166221311201163,1.9498236270260978,2.1235702868601067
1417478400,2014-12-02T00:00:00,0.26899149114,0.21535489400330002,0.24056023380400002,2.3579794113332397,1.8878010008329278,2.108751009525864
1417564800,2014-12-03T00:00:00,0.263247897312,0.2020369544355,0.2306754099705,2.3076310678369922,1.7710559425815933,2.022100643801403
1417651200,2014-12-04T00:00:00,0.2642839415125714,0.1922311570801143,0.22581047292335715,2.316713031299201,1.6850983229642817,1.9794546056461486
1417737600,2014-12-05T00:00:00,0.266089832316,0.182341950648,0.2212529614515,2.3325434700820558,1.5984095393803681,1.939503460083849
1417824000,2014-12-06T00:00:00,0.2605691199085714,0.16767576943011428,0.21073610060485715,2.284148905118537,1.4698457948243817,1.847312657902178
1417910400,2014-12-07T00:00:00,0.25138805927142854,0.15073326533048576,0.19730199838564286,2.2036677275733427,1.3213278038870377,1.7295493178485455
1417996800,2014-12-08T00:00:00,0.2597546445171428,0.1458540077004286,0.1984796618082143,2.277009213837274,1.278556231501957,1.7398727154108067
1418083200,2014-12-09T00:00:00,0.25739522547428567,0.14452917778685714,0.19667681938142859,2.256326546507588,1.2669427724795899,1.7240689986976032
1418169600,2014-12-10T00:00:00,0.26444355506228573,0.14848686300905717,0.20206247889692858,2.3181122036759967,1.3016358411373952,1.7712796900104764
1418256000,2014-12-11T00:00:00,0.2649657118885714,0.1487800576347143,0.20246146121535716,2.322689430415217,1.3042059852259056,1.7747771690138208
1418342400,2014-12-12T00:00:00,0.2610499294748571,0.14658131905437144,0.19946939471878575,2.2883636817765973,1.28493184283062,1.748548714104876
1418428800,2014-12-13T00:00:00,0.2633993726708571,0.14790054746177142,0.2012646145572857,2.308958900832734,1.2964961990498884,1.7642856112091672
1418515200,2014-12-14T00:00:00,0.26731502382342853,0.15009921233808574,0.20425658075664285,2.3432834988361746,1.3157696953556592,1.7905131869127315
1418601600,2014-12-15T00:00:00,0.2615718237788571,0.14687436627197145,0.1998681764427857,2.2929386072454614,1.2875006947401018,1.7520444346974597
1418688000,2014-12-16T00:00:00,0.26183290219199995,0.14702096358480002,0.20006766760199998,2.2952272206150717,1.288785766784357,1.753793174199132
1418774400,2014-12-17T00:00:00,0.25752609283371425,0.14460266070334288,0.19677681570407143,2.2574737297803393,1.2675869237255035,1.7249455664618905
1418860800,2014-12-18T00:00:00,0.2521033012388571,0.14155772617097145,0.19263323689028572,2.2099375386598217,1.2408950276147357,1.6886229545802447
1418947200,2014-12-19T00:00:00,0.25056767712857136,0.1406954627407143,0.19145985978035715,2.196476257709057,1.2333364263851014,1.678337130834611
1419033600,2014-12-20T00:00:00,0.246954320388,0.13866653824220002,0.18869887806550004,2.164801572521208,1.2155508742311254,1.6541343651221732
1419120000,2014-12-21T00:00:00,0.24413141824971427,0.13708145940374286,0.18654188617507142,2.1400560123769954,1.20165607313321,1.6352261742106762
1419206400,2014-12-22T00:00:00,0.24954725300399996,0.14012248762260002,0.19068014923650004,2.1875312198330636,1.2283137264997117,1.6715021882071592
1419292800,2014-12-23T00:00:00,0.25083649994914287,0.14084640859122857,0.1916652684752143,2.198832758554186,1.2346596177107099,1.6801377434537286
1419379200,2014-12-24T00:00:00,0.25720489681714287,0.1444223069454286,0.1965313884207143,2.2546581254990743,1.266005942683627,1.7227941508959816
1419465600,2014-12-25T00:00:00,0.2646712931451428,0.14861473949862858,0.20223649456371431,2.3201085557103225,1.3027568064449784,1.7728051113455197
1419552000,2014-12-26T00:00:00,0.2685332584902857,0.15078325942725715,0.2051874392024286,2.353962543925845,1.3217660521393364,1.798673092048489
1419638400,2014-12-27T00:00:00,0.2731676956611428,0.15338552756402857,0.2087286329472143,2.3945880201655783,1.3445775346262747,1.8297151964152807
1419724800,2014-12-28T00:00:00,0.2826937105817143,0.15873445002954287,0.21600750267957142,2.4780930669593073,1.3914661889589728,1.8935217684891232
1419811200,2014-12-29T00:00:00,0.2826937105817143,0.15873445002954287,0.21600750267957142,2.4780930669593073,1.3914661889589728,1.8935217684891232
1419897600,2014-12-30T00:00:00,0.2843052036325714,0.1596393143883143,0.21723885157935716,2.492219415043121,1.3993982299279633,1.904315772944645
1419984000,2014-12-31T00:00:00,0.2852212751485714,0.1601536948037143,0.21793882583785718,2.500249697952377,1.4039072886493595,1.910451747294656
1420070400,2015-01-01T00:00:00,0.2882975112925714,0.1618810224173143,0.22028939135185716,2.5272159839906814,1.4190490425101772,1.93105680459038
1420156800,2015-01-02T00:00:00,0.29291842856571426,0.1644756990391429,0.22382025448357146,2.5677229448070515,1.4417939777771263,1.9620083508029873
1420243200,2015-01-03T00:00:00,0.296743772052,0.16662365554380004,0.2267432161995,2.601255905807832,1.460622964496951,1.987631033204817
1420329600,2015-01-04T00:00:00,0.29884421286,0.16780306740900003,0.22834817222250003,2.61966836993076,1.4709616889072943,2.001700077702435
1420416000,2015-01-05T00:00:00,0.29798904651428565,0.16732288566285716,0.2276947358714286,2.6121719817442286,1.4667524157206058,1.995972054648943
1420502400,2015-01-06T00:00:00,0.29965711311771426,0.16825951645794288,0.22896931287057143,2.626794253589883,1.474962921270327,2.0071449966234294
1420588800,2015-01-07T00:00:00,0.29647494923142853,0.1664727096932857,0.22653780750464286,2.598899404962703,1.4592997731713424,1.9858304205856994
1420675200,2015-01-08T00:00:00,0.2917016377714285,0.1637924626942857,0.22289049930714286,2.557056556704343,1.4358047279781088,1.9538581169264142
1420761600,2015-01-09T00:00:00,0.2850720312291428,0.16006989332322857,0.21782478790521428,2.4989414257546665,1.4031726848714217,1.9094520907771084
1420848000,2015-01-10T00:00:00,0.28109429355599996,0.1578363664414,0.21478538112350004,2.464072577311896,1.3835935882253125,1.882808650928601
1420934400,2015-01-11T00:00:00,0.2765861296045714,0.15530500158011432,0.21134067329885717,2.4245540121136733,1.361403643851282,1.8526123421377816
1421020800,2015-01-12T00:00:00,0.2734602767485714,0.1535498138437143,0.20895219543785717,2.397152785977977,1.3460176681539995,1.8316749452082557
1421107200,2015-01-13T00:00:00,0.2679996819445714,0.15048365255111432,0.2047797310263572,2.3492852119261127,1.319139698263068,1.795099122177047
1421193600,2015-01-14T00:00:00,0.2724768682662857,0.15299762326165717,0.2082007687084286,2.3885322272222607,1.3411771655116864,1.825087938498085
1421280000,2015-01-15T00:00:00,0.2768192493942857,0.15543589993485715,0.2115188011514286,2.426597540190308,1.3625510988289575,1.8541738108934231
1421366400,2015-01-16T00:00:00,0.2795749458274286,0.15698324231068575,0.2136244408681429,2.450753975123239,1.376115102095471,1.8726318486501403
1421452800,2015-01-17T00:00:00,0.28018741032,0.15732714530800004,0.21409242767000003,2.4561228388651197,1.379129755769928,1.87673422095522
1421539200,2015-01-18T00:00:00,0.28298222257371425,0.1588964514843429,0.21622795595657143,2.4806221630811796,1.3928862937117497,1.8954542619153056
1421625600,2015-01-19T00:00:00,0.28605530845028565,0.16062201020125716,0.21857611433742857,2.5075608338752042,1.4080125414242202,1.9160382182818991
1421712000,2015-01-20T00:00:00,0.283473139248,0.1591721045512,0.21660306753800002,2.484925538647968,1.3953026684958194,1.898742490038108
1421798400,2015-01-21T00:00:00,0.2846208866811429,0.15981657257702858,0.21748006637971432,2.494986692646898,1.4009520752102327,1.9064302618845754
1421884800,2015-01-22T00:00:00,0.280030290732,0.15723892158580002,0.2139723719045,2.4547455285567117,1.378356386621123,1.8756818121148473
1421971200,2015-01-23T00:00:00,0.2757266316411428,0.1548223876010286,0.21068392713971432,2.4170196529662578,1.3571730497106167,1.8468553053067356
1422057600,2015-01-24T00:00:00,0.272283651864,0.15288913093160003,0.20805313120900001,2.386838492239824,1.3402261217464058,1.8237937481780941
1422144000,2015-01-25T00:00:00,0.26424994487657144,0.1483781495669143,0.20191454050585717,2.316415016788025,1.3006828591035706,1.7699828620743443
1422230400,2015-01-26T00:00:00,0.25937241206914285,0.1456393815692286,0.1981875963202143,2.2736585641981066,1.2766748188358579,1.7373124693429989
1422316800,2015-01-27T00:00:00,0.26719255717714285,0.15003044647942862,0.2041630034557143,2.342209956214834,1.315166893838671,1.7896928882927916
1422403200,2015-01-28T00:00:00,0.2686082086028571,0.15082534442757142,0.20524470891178573,2.3546195566126458,1.3221349692520914,1.7991751183207139
1422489600,2015-01-29T00:00:00,0.27404071352228565,0.15387573305805716,0.2093957097194286,2.402240894736356,1.348874675986929,1.835562791400511
1422576000,2015-01-30T00:00:00,0.2756273982171428,0.1547666673554286,0.2106081024457143,2.416149772771474,1.356684606037687,1.8461906260391319
1422662400,2015-01-31T00:00:00,0.2841808993302857,0.15956951667325717,0.2171438701174286,2.4911297635292846,1.3987863831577723,1.9034831654493793
1422748800,2015-02-01T00:00:00,0.2900589045685714,0.16287005677671432,0.22163527967035718,2.5426563574480974,1.4277189177046776,1.9428548615903511
1422835200,2015-02-02T00:00:00,0.29644029628971424,0.16645325182974288,0.22651132904007149,2.5985956372756354,1.459129205539526,1.9855983103652666
1422921600,2015-02-03T00:00:00,0.288965893032,0.16225632333080003,0.22080010476700002,2.5330750183185122,1.422338930317793,1.9355337183875225
1423008000,2015-02-04T00:00:00,0.2876194162285714,0.1615002674057143,0.21977125594285715,2.521271802659657,1.4157113440784916,1.9265148295950862
1423094400,2015-02-05T00:00:00,0.2862729394251428,0.1607442114806286,0.21874240711871432,2.509468587000802,1.4090837578391902,1.91749594080265
1423180800,2015-02-06T00:00:00,0.29677579977085716,0.16664163932677148,0.22676768871978575,2.6015366607913335,1.4607806103384786,1.9878455593176418
1423267200,2015-02-07T00:00:00,0.2948906272371428,0.1655831020684286,0.22532722012821432,2.5850112383607944,1.4515014727318452,1.975218411643927
1423353600,2015-02-08T00:00:00,0.28869654516685717,0.16210508266417145,0.22059429488328572,2.5307139149326696,1.421013154634127,1.9337295889468833
1423440000,2015-02-09T00:00:00,0.2905849992291428,0.1631654625232286,0.2220372709052143,2.547268103242666,1.4303084444786218,1.9463787167551085
1423526400,2015-02-10T00:00:00,0.2981535167262857,0.16741523681065718,0.2278204082809286,2.613613727622621,1.4675619658822208,1.9970736989906201
1423612800,2015-02-11T00:00:00,0.30116530364914285,0.16910637574622858,0.23012172786271431,2.640015051788386,1.4823864897914398,2.0172470664445536
1423699200,2015-02-12T00:00:00,0.2928642177137143,0.1644452592753429,0.22377883173407143,2.567247732478419,1.441527142807656,1.9616452389808703
1423785600,2015-02-13T00:00:00,0.2875476163834286,0.16145995130208574,0.21971639336664286,2.5206424052171346,1.4153579331140835,1.9260339042519914
1423872000,2015-02-14T00:00:00,0.2911394462965714,0.16347678833991428,0.22246092633835718,2.552128386235745,1.433037526587689,1.950092480282039
1423958400,2015-02-15T00:00:00,0.2962012697485714,0.16631903679371432,0.22632868781285717,2.596500330615977,1.4579526765336996,1.9839972773675056
1424044800,2015-02-16T00:00:00,0.2970345154834285,0.16678690996708576,0.22696537452914287,2.6038045627277344,1.4620540527714738,1.9895784731224668
1424131200,2015-02-17T00:00:00,0.29848495111199996,0.1676013394828,0.22807365874700003,2.616519081447792,1.469193341906225,1.9992936925762024
1424217600,2015-02-18T00:00:00,0.3010956039822857,0.16906723890705716,0.2300684700419286,2.6394040645087165,1.482043416259263,2.016780208387546
1424304000,2015-02-19T00:00:00,0.31472904258514284,0.1767225078346286,0.2404858402037143,2.758914787301362,1.5491495036783542,2.1080988752257594
1424390400,2015-02-20T00:00:00,0.3182099568325714,0.17867706496831431,0.24314562202935716,2.789428481594321,1.5662831515122433,2.131414522709345
1424476800,2015-02-21T00:00:00,0.31298865109199997,0.17574526611980001,0.23915599943950003,2.743658515472472,1.5405830028061671,2.096441491086657
1424563200,2015-02-22T00:00:00,0.31626663561257146,0.1775858768253143,0.24166072177185718,2.772393327779801,1.5567177962507053,2.1183978870521
1424649600,2015-02-23T00:00:00,0.3139807228097143,0.17630232116774286,0.23991404578507147,2.7523550161499553,1.545466147356434,2.1030865253519364
1424736000,2015-02-24T00:00:00,0.3100553583325714,0.17409820219331432,0.23691465759185718,2.717945271143321,1.5261448404265932,2.07679388845022
1424822400,2015-02-25T00:00:00,0.31004722014171426,0.17409363254354288,0.23690843916457144,2.7178739317622673,1.526104782876697,2.0767393777166334
1424908800,2015-02-26T00:00:00,0.3075876488468571,0.17271256645617145,0.23502906996328574,2.6963133297915496,1.5139983575547988,2.060264827298163
1424995200,2015-02-27T00:00:00,0.30805782626057143,0.1729765742865143,0.23538833458485717,2.700434905000169,1.5163126501955844,2.0634141409708575
1425081600,2015-02-28T00:00:00,0.31012308908228575,0.17413623347205714,0.23696641095442858,2.718538998895316,1.5264782226160531,2.0772475584265213
1425168000,2015-03-01T00:00:00,0.3088812274097143,0.17343891965774286,0.23601749901007144,2.7076528394735555,1.5203655697197742,2.0689293963222863
1425254400,2015-03-02T00:00:00,0.31375508490514287,0.17617562394262862,0.23974163487371428,2.7503770742784823,1.5443555194810823,2.1015751713029793
1425340800,2015-03-03T00:00:00,0.32258895981942853,0.18113590506548574,0.24649163739514288,2.827814821777111,1.587837343804048,2.1607456934058225
1425427200,2015-03-04T00:00:00,0.31680126224742855,0.17788607333368575,0.24206923232564287,2.7770798648609585,1.5593493188430894,2.1219788905665853
1425513600,2015-03-05T00:00:00,0.3113180905268571,0.17480723494817146,0.23787951679328573,2.7290143815584296,1.5323602215556709,2.085251844209943
1425600000,2015-03-06T00:00:00,0.31009972459885715,0.17412311415497145,0.23694855805028572,2.7183341858335814,1.5263632186824798,2.0770910598688044
1425686400,2015-03-07T00:00:00,0.3094905416348571,0.17378105375837147,0.23648307867878574,2.7129940879711576,1.5233647172458842,2.0730106676982354
1425772800,2015-03-08T00:00:00,0.3145389764502857,0.1766157844012572,0.24034060983742858,2.7572486675632044,1.54821396606142,2.1068257858348987
1425859200,2015-03-09T00:00:00,0.31097274246,0.17461331964900004,0.23761563482250003,2.7259870604043597,1.530660360043134,2.0829386548540354
1425945600,2015-03-10T00:00:00,0.30988222488514283,0.1740009865796286,0.23678236556621432,2.7164275833431617,1.525292648357024,2.0756342165534347
1426032000,2015-03-11T00:00:00,0.31489364405828574,0.17681493268645715,0.2406116129104286,2.7603576838149317,1.5499596999294833,2.109201398772817
1426118400,2015-03-12T00:00:00,0.3152242908771428,0.17700059313442856,0.24086426159321433,2.763256133829034,1.551587199416401,2.1114161171261165
1426204800,2015-03-13T00:00:00,0.3153229992565714,0.1770560185639143,0.24093968509835717,2.7641214114831043,1.5520730587312725,2.112077279572199
1426291200,2015-03-14T00:00:00,0.3132166516971428,0.1758732900174286,0.2393302157007143,2.745657168777154,1.541705260292779,2.097968670832462
1426377600,2015-03-15T00:00:00,0.30977550957600003,0.1739410652044,0.23670082393100003,2.715492116943216,1.5247673775817707,2.0749194225791463
1426464000,2015-03-16T00:00:00,0.3082280719628571,0.17307216841157144,0.23551842007178575,2.7019272788264055,1.5171506282958354,2.064554470349274
1426550400,2015-03-17T00:00:00,0.30080079145542854,0.1689016996588857,0.22984320249864285,2.6368197378982865,1.4805922992097926,2.0148055131031035
1426636800,2015-03-18T00:00:00,0.30049127768057143,0.1687279055595143,0.22960670166735717,2.634106540147889,1.4790688201347024,2.012732346816053
1426723200,2015-03-19T00:00:00,0.3023480978074286,0.16977052274768575,0.2310255060606429,2.6503834253799186,1.4882084024062132,2.025169586127596
1426809600,2015-03-20T00:00:00,0.2992534851034286,0.16803287657008573,0.2286608989366429,2.6232560504166544,1.4729761960133716,2.0044414400786112
1426896000,2015-03-21T00:00:00,0.3054428417725714,0.17150824262931427,0.23339021348185715,2.677511950978361,1.5034412548885692,2.04589861138196
1426982400,2015-03-22T00:00:00,0.30510090649542854,0.1713162436348857,0.23312893923864286,2.674514546338927,1.5017581917034082,2.0436082813659437
1427068800,2015-03-23T00:00:00,0.3062860633542857,0.17198171730885717,0.23403452278642858,2.6849036313636683,1.5075917339294418,2.051546626745833
1427155200,2015-03-24T00:00:00,0.3194106025062857,0.17935123571765718,0.24406304064842857,2.7999533415701,1.5721929323009827,2.1394566143241254
1427241600,2015-03-25T00:00:00,0.32144528148171425,0.18049372186454285,0.24561774776707143,2.817789337468707,1.582207965864583,2.1530851769261483
1427328000,2015-03-26T00:00:00,0.32416383101142854,0.18202020600028573,0.24769500337214284,2.8416201426461827,1.5955891257985049,2.1712943995602045
1427414400,2015-03-27T00:00:00,0.3342028144782857,0.18765716380945716,0.25536583461792856,2.9296218717166522,1.6450026979537016,2.238536906260762
1427500800,2015-03-28T00:00:00,0.33258882746571433,0.18675089907414288,0.2541325800710715,2.915473661564451,1.637058381283936,2.227726196903012
1427587200,2015-03-29T00:00:00,0.3353165652754286,0.18828254249188572,0.2562168564811429,2.939385011204407,1.6504847674838705,2.2459969639136985
1427673600,2015-03-30T00:00:00,0.3344020688931428,0.18776904652482856,0.2555180857892143,2.9313685359172905,1.6459834618366476,2.2398715400282527
1427760000,2015-03-31T00:00:00,0.3273908862085714,0.1838322195427143,0.25016081038535715,2.869908508504337,1.6114732365114335,2.192909663838041
1427846400,2015-04-01T00:00:00,0.31824592238571425,0.17869725987214288,0.24317310346607143,2.7897437556331712,1.5664601800392044,2.1316554249835824
1427932800,2015-04-02T00:00:00,0.32373290067942856,0.18177823567448573,0.2473657276176429,2.8378426073558707,1.5934680139225417,2.1684079682962576
1428019200,2015-04-03T00:00:00,0.31611214124742854,0.1774991271836857,0.24154267195064286,2.7710390301749586,1.5559573488921892,2.1173630623193356
1428105600,2015-04-04T00:00:00,0.31763621437714284,0.17835490465942858,0.2427072229057143,2.784399055230034,1.5634590942445512,2.127571515991492
1428192000,2015-04-05T00:00:00,0.3183912284708571,0.17877885023177145,0.2432841324822857,2.7910175087755333,1.5671754011317083,2.132628705339717
1428278400,2015-04-06T00:00:00,0.3157573423782857,0.17729990519445718,0.24127156858042859,2.7679288632880525,1.5542109689346115,2.114986570176037
1428364800,2015-04-07T00:00:00,0.3190735238914285,0.17916196377228572,0.2438054774021429,2.7969985104322626,1.5705337744278567,2.137198814907184
1428451200,2015-04-08T00:00:00,0.3191654066914285,0.17921355659228572,0.2438756854521429,2.797803955057063,1.5709860370879767,2.1378142586734845
1428537600,2015-04-09T00:00:00,0.31147402876457136,0.17489479533411428,0.23799866988385718,2.7303813361502334,1.533127775898846,2.086296340201892
1428624000,2015-04-10T00:00:00,0.3160094950337143,0.17744149063334286,0.24146423952907145,2.7701392334655393,1.5554521068918834,2.11667552371184
1428710400,2015-04-11T00:00:00,0.3145395014948571,0.17661607921737146,0.24034101102628572,2.7572532701039174,1.5482165504194783,2.1068293026564207
1428796800,2015-04-12T00:00:00,0.30844281519257144,0.1731927482023143,0.23568250631435714,2.703809717978081,1.5182076307414873,2.065992850351655
1428883200,2015-04-13T00:00:00,0.3181220118668571,0.17862768326917142,0.24307842289578577,2.78865755602487,1.5658502715375568,2.130825455104458
1428969600,2015-04-14T00:00:00,0.31715409219942853,0.17808418976248572,0.24233883123764288,2.780172772220191,1.56108600745795,2.1243421946291776
1429056000,2015-04-15T00:00:00,0.316186172532,0.17754069625580002,0.2415992395795,2.7716879884155117,1.556321743378343,2.117858934153897
1429142400,2015-04-16T00:00:00,0.3177993719777143,0.17844651876694287,0.24283189234307145,2.785829294756643,1.5642621835110213,2.128664368279364
1429228800,2015-04-17T00:00:00,0.30941073486,0.17373624170900004,0.23642209797250002,2.71229450178276,1.5229718948210942,2.072476110826935
1429315200,2015-04-18T00:00:00,0.31134657419485706,0.17482322872237144,0.23790128128878574,2.729264069392118,1.532500422980308,2.085442631777496
1429401600,2015-04-19T00:00:00,0.3162325077154286,0.17756671377788574,0.2416346444961429,2.7720941626334468,1.5565498129769464,2.118169293653189
1429488000,2015-04-20T00:00:00,0.3137424838354286,0.17616854835588572,0.23973200634114286,2.7502666133013665,1.5442934948876943,2.101490767586459
1429574400,2015-04-21T00:00:00,0.3132002440542857,0.17586407701385717,0.23931767854892863,2.745513339379868,1.5416244991034718,2.0978587701599083
1429660800,2015-04-22T00:00:00,0.32105871741599995,0.18027666350040003,0.24532237247100003,2.8144007168686556,1.5803052322445066,2.1504959170807867
1429747200,2015-04-23T00:00:00,0.316920316104,0.17795292288760003,0.24216020189900003,2.7781234909676633,1.5599353220327017,2.1227763298466344
1429833600,2015-04-24T00:00:00,0.3147896852331428,0.1767565590958286,0.24053217751671432,2.75944638075373,1.5494479970340334,2.108505068111518
1429920000,2015-04-25T00:00:00,0.31832205384857143,0.1787400082087143,0.24323127585035717,2.7904111240365768,1.5668349119575893,2.132165364104231
1430006400,2015-04-26T00:00:00,0.31687345587599997,0.17792661054940004,0.2421243957935,2.777712714209016,1.5597046680760405,2.1224624535258214
1430092800,2015-04-27T00:00:00,0.3115922950542857,0.17496120266385717,0.23808903767392858,2.7314180584458687,1.5337099025513719,2.087088504249658
1430179200,2015-04-28T00:00:00,0.31159229505428565,0.17496120266385715,0.2380890376739286,2.7314180584458687,1.533709902551372,2.087088504249658
1430265600,2015-04-29T00:00:00,0.30382570449257135,0.1706002089973143,0.23215455180185715,2.663336125581881,1.4954814320704573,2.03506680109508
1430352000,2015-04-30T00:00:00,0.305068353732,0.1712979650358,0.23310406552950003,2.6742291888147123,1.501597961503823,2.043390238431597
1430438400,2015-05-01T00:00:00,0.3125242491685714,0.1754845012667143,0.23880114789535717,2.739587568211697,1.5382971381040176,2.093330862450701
1430524800,2015-05-02T00:00:00,0.3075536522108572,0.17269347711277147,0.23500309298478572,2.696015315280374,1.5138310203705545,2.060037113104632
1430611200,2015-05-03T00:00:00,0.306630361332,0.1721750429758,0.23429760237950004,2.687921747436312,1.509286426725863,2.053852782458697
1430697600,2015-05-04T00:00:00,0.30386180130685714,0.17062047760517143,0.23218213353578573,2.6636525502559096,1.495659106686933,2.0353085825746975
1430784000,2015-05-05T00:00:00,0.30420544297885715,0.17081343475197142,0.23244471164278574,2.6666649131526614,1.4973505690357816,2.0376103422606597
1430870400,2015-05-06T00:00:00,0.314802417564,0.17676370838660002,0.24054190634650002,2.7595579923660236,1.549510667716936,2.108590351033419
1430956800,2015-05-07T00:00:00,0.31700734224171423,0.1780017886585429,0.24222669895207144,2.778886362090867,1.5603636793807867,2.123359243013858
1431043200,2015-05-08T00:00:00,0.3176607602108571,0.17836868731277145,0.24272597848478575,2.784614224008373,1.5635799129837546,2.1277359273976315
1431129600,2015-05-09T00:00:00,0.31209646910399996,0.1752442998376,0.23847427927400003,2.7358376481656634,1.5361915323764015,2.0904655321158843
1431216000,2015-05-10T00:00:00,0.3083874229902857,0.17316164510225715,0.2356401808899286,2.7033241499328438,1.5179349809663862,2.0656218256811143
1431302400,2015-05-11T00:00:00,0.3177136584514285,0.17839839003628574,0.2427663982621429,2.785077929985223,1.5638402870580808,2.1280902471659444
1431388800,2015-05-12T00:00:00,0.3164702216451428,0.17770019177362859,0.2418162827512143,2.774177962941322,1.5577198810876283,2.119761534597145
1431475200,2015-05-13T00:00:00,0.31678104803142854,0.17787472291328574,0.2420537865546429,2.7769026670435024,1.5592498210578627,2.1218434929379995
1431561600,2015-05-14T00:00:00,0.3208223160977143,0.18014392254494288,0.24514173718807147,2.812328422912563,1.5791416250289692,2.1489124681906344
1431648000,2015-05-15T00:00:00,0.3198897056777143,0.17962025542194288,0.24442912548057147,2.8041531599708436,1.574551159028751,2.1426657139626895
1431734400,2015-05-16T00:00:00,0.3208223160977143,0.18014392254494288,0.24514173718807147,2.8123284229125636,1.5791416250289692,2.1489124681906344
1431820800,2015-05-17T00:00:00,0.33457034567828575,0.18786353508945716,0.2556466668179286,2.9328436502158524,1.6468117485941816,2.240998681325962
1431907200,2015-05-18T00:00:00,0.33131191906799995,0.18603390628420002,0.2531568887705,2.9042802825500873,1.6307732224872973,2.2191732869622034
1431993600,2015-05-19T00:00:00,0.32608181883085713,0.18309716926577146,0.24916054626728573,2.8584332238712937,1.6050297857837525,2.184141348579027
1432080000,2015-05-20T00:00:00,0.3218983949468571,0.18074814817117144,0.24596397375078574,2.8217613301041493,1.5844382668684887,2.156120193899388
1432166400,2015-05-21T00:00:00,0.3233866337845714,0.18158380444711428,0.24710114356635718,2.8348072317555535,1.5917636297834041,2.166088624502687
1432252800,2015-05-22T00:00:00,0.3216369227502857,0.18060132974625717,0.24576418169992859,2.8194692648290043,1.5831512565556902,2.154368816781574
1432339200,2015-05-23T00:00:00,0.3162701796634285,0.17758786683408573,0.24166342979664288,2.772424394929615,1.5567352406675956,2.118421625597372
1432425600,2015-05-24T00:00:00,0.30891601161257143,0.1734584512253143,0.23604407777185715,2.707957757795801,1.5205367834411052,2.0691623857481
1432512000,2015-05-25T00:00:00,0.3079605617537143,0.17292195960134288,0.23531401434907145,2.6995822843330592,1.5158338978653718,2.0627626497839606
1432598400,2015-05-26T00:00:00,0.3124192402542857,0.17542553804385716,0.23872091012392857,2.738667060069069,1.537780266492452,2.092627498146358
1432684800,2015-05-27T00:00:00,0.310189901004,0.1741737488226,0.23701746223650003,2.7191246722010645,1.5268070821789117,2.077695073965159
1432771200,2015-05-28T00:00:00,0.30286513544914284,0.1700608429162286,0.2314205767877143,2.654915777347186,1.4907533490036597,2.028632776121104
1432857600,2015-05-29T00:00:00,0.3079606930148571,0.17292203330537143,0.23531411464628574,2.6995834349682375,1.5158345439548861,2.0627635289893407
1432944000,2015-05-30T00:00:00,0.3156040293634286,0.17721381888908574,0.24115442143414287,2.766584921399815,1.5534563363817255,2.1139596582916966
1433030400,2015-05-31T00:00:00,0.3159390078,0.17740191157000001,0.24141037992500003,2.7695213423747993,1.5551051568226202,2.1162033904225503
1433116800,2015-06-01T00:00:00,0.31202375043085706,0.17520346780577142,0.23841871461728575,2.7352001962768937,1.5358335987853924,2.089978452335127
1433203200,2015-06-02T00:00:00,0.31274253644914285,0.17560707106622858,0.2389679421627143,2.741501074513186,1.53937158496656,2.0947929809983536
1433289600,2015-06-03T00:00:00,0.31288797379542854,0.17568873512988573,0.23907907147614288,2.7427759782907266,1.5400874521485783,2.0957671405598686
1433376000,2015-06-04T00:00:00,0.31463361573428567,0.17666892500585715,0.2404129241289286,2.7580782755267483,1.5486797966013437,2.1074596929141878
1433462400,2015-06-05T00:00:00,0.30844137131999994,0.17319193745800002,0.23568140304500002,2.70379706099112,1.5182005237568281,2.0659831790924703
1433548800,2015-06-06T00:00:00,0.3204025429628571,0.17990821706157148,0.24482098669678573,2.8086486916124054,1.5770754307617352,2.1461007693840237
1433635200,2015-06-07T00:00:00,0.3198389076154285,0.17959173196288572,0.2443903104586429,2.8037078641568463,1.574301122386656,2.1423254614804637
1433721600,2015-06-08T00:00:00,0.3276020853874285,0.18395080932468572,0.25032218860314287,2.871759880506198,1.6125127945401954,2.1943243052951504
1433808000,2015-06-09T00:00:00,0.3279125179902857,0.18412511935225714,0.2505593915149286,2.874481132702844,1.6140407962418861,2.196403626019864
1433894400,2015-06-10T00:00:00,0.3362966922291428,0.1888328904732286,0.2569657757802143,2.947976804080666,1.655309117888322,2.2525619904893586
1433980800,2015-06-11T00:00:00,0.33443357156742853,0.18778673549168573,0.2555421571206429,2.931644688360078,1.646138523320117,2.2400825493195553
1434067200,2015-06-12T00:00:00,0.3356756957622857,0.18848419671405714,0.2564912696594286,2.9425331490521964,1.652252468395425,2.2484024698345513
1434153600,2015-06-13T00:00:00,0.3297757699131428,0.18517134803782856,0.25198311047171434,2.8908143990586104,1.6232120368996055,2.208883946395048
1434240000,2015-06-14T00:00:00,0.3310156626685714,0.1858675562917143,0.2529305179578572,2.901683298952697,1.6293149984531676,2.2171889204185757
1434326400,2015-06-15T00:00:00,0.32895460020342854,0.18471025563508572,0.2513556510991429,2.883616025383255,1.6191701008971615,2.2033836375350866
1434412800,2015-06-16T00:00:00,0.32032641149999996,0.179865468725,0.24476281431250002,2.807981323209,1.5767006988433503,2.1455908302633753
1434499200,2015-06-17T00:00:00,0.3190785118148571,0.17916476452537142,0.24380928869628576,2.7970422345690378,1.570558325829406,2.137232224711641
1434585600,2015-06-18T00:00:00,0.32774004084857145,0.18402827225871432,0.25042760097535716,2.8729691980785765,1.6131918346198897,2.195248350149981
1434672000,2015-06-19T00:00:00,0.33130968762857144,0.18603265331571434,0.25315518371785717,2.9042607217520566,1.6307622389655518,2.219158340470736
1434758400,2015-06-20T00:00:00,0.3253852159457143,0.1827060219861429,0.24862826895107146,2.852326802980131,1.6016009887305285,2.1794754056250922
1434844800,2015-06-21T00:00:00,0.3180836836131428,0.17860616169282859,0.24304913610921433,2.78832157055281,1.5656616133993355,2.130568727133373
1434931200,2015-06-22T00:00:00,0.32100188134114277,0.1802447496560286,0.24527894377721432,2.813902491836458,1.5800254754847465,2.1501152211510606
1435017600,2015-06-23T00:00:00,0.3281352681497142,0.1842501950887429,0.2507295958875715,2.876433760600395,1.61513721014792,2.1978956375504515
1435104000,2015-06-24T00:00:00,0.327486838104,0.18388609718760002,0.25023412764900005,2.8707496228196634,1.6119455279465018,2.193552362971134
1435190400,2015-06-25T00:00:00,0.32618984675142854,0.18315782768128575,0.2492430908746429,2.8593801966230226,1.6055615174541509,2.1848649346071194
1435276800,2015-06-26T00:00:00,0.3284594831725714,0.1844322440393143,0.2509773300068572,2.8792758294907608,1.616733051248629,2.20006727484011
1435363200,2015-06-27T00:00:00,0.32683827679714283,0.18352192558242858,0.24973855911321435,2.865064334403754,1.608753199655569,2.1892082091864364
1435449600,2015-06-28T00:00:00,0.33215527191085714,0.18650745466777147,0.25380129837228577,2.911673113570573,1.6349243476176845,2.224822181531457
1435536000,2015-06-29T00:00:00,0.3276748040605714,0.18399164135651433,0.25037775325985717,2.8723973323949687,1.6128707281312045,2.194811385075908
1435622400,2015-06-30T00:00:00,0.329021280864,0.18474769728160004,0.251406602084,2.8842005480538235,1.619498314370506,2.2038302738683444
1435708800,2015-07-01T00:00:00,0.3219562811108571,0.18078065164777146,0.24600820482228572,2.8222687602177734,1.5847231923443645,2.156507923472157
1435795200,2015-07-02T00:00:00,0.32231291763599995,0.18098090549339999,0.24628071235350002,2.825395035997176,1.5864786175551444,2.1588967244907815
1435881600,2015-07-03T00:00:00,0.3242776344222857,0.18208410739305717,0.24778196105692857,2.8426177433457567,1.5961492854075392,2.172056670625036
1435968000,2015-07-04T00:00:00,0.33144724930628566,0.18610989513765716,0.2532602951984286,2.9054665874189003,1.6314393407767025,2.2200797477094247
1436054400,2015-07-05T00:00:00,0.3316975643057143,0.18625044872014287,0.25345156198607144,2.9076608487038915,1.6326714334807726,2.221756392369902
1436140800,2015-07-06T00:00:00,0.34491398625771424,0.1936715599489429,0.26355028789807144,3.0235160035351236,1.697724894512433,2.310281823714494
1436227200,2015-07-07T00:00:00,0.34136822900571434,0.19168059302514284,0.2608409592485715,2.9924338954640914,1.6802720784584024,2.2865318487729773
1436313600,2015-07-08T00:00:00,0.3497493842382857,0.19638666895345716,0.2672450366779286,3.0659031022328125,1.7215255400460054,2.342669991518722
1436400000,2015-07-09T00:00:00,0.34298011584000004,0.19258567849600003,0.26207260904,3.0065636954534396,1.6882060576959361,2.2973284908446403
1436486400,2015-07-10T00:00:00,0.34072360553314285,0.19131863254082862,0.2603483996292143,2.98678312610353,1.6770991328529032,2.2822140711496925
1436572800,2015-07-11T00:00:00,0.3397291711148571,0.19076025082037143,0.2595885479337857,2.9780659139928374,1.672204358691376,2.275553211187566
1436659200,2015-07-12T00:00:00,0.3389476422702857,0.19032141703425715,0.25899137831992863,2.971215032141324,1.668357541722298,2.270318422352494
1436745600,2015-07-13T00:00:00,0.32992698274971427,0.18525625507874288,0.25209865286257144,2.892139930783995,1.6239563320202601,2.209896790993301
1436832000,2015-07-14T00:00:00,0.33472365869314286,0.1879496213948286,0.2557638139642143,2.9341875921040903,1.6475663811470673,2.2420255932103026
1436918400,2015-07-15T00:00:00,0.33381638167371425,0.1874401791493429,0.25507055961907144,2.926234401751779,1.6431006104231396,2.2359485256207803
1437004800,2015-07-16T00:00:00,0.3356027145668571,0.18844321727417146,0.2564355044082857,2.94189339589307,1.651893242625387,2.2479136316430326
1437091200,2015-07-17T00:00:00,0.3349523156039999,0.1880780138126,0.25593853171150005,2.936191998584664,1.648691869081252,2.2435571689830094
1437177600,2015-07-18T00:00:00,0.33660751861542854,0.1890074216128857,0.25720327958364286,2.950701508182847,1.6568390578585563,2.2546439488302132
1437264000,2015-07-19T00:00:00,0.34227314332457137,0.1921887085981143,0.26153240824385715,3.000366374383193,1.6847262195710702,2.292593090665652
1437350400,2015-07-20T00:00:00,0.3449393196582857,0.19368578482645712,0.2635696452604286,3.0237380761245327,1.6978495897887236,2.3104515103529173
1437436800,2015-07-21T00:00:00,0.3392736949491428,0.1905044978412286,0.2592405166002143,2.9740732099241862,1.6699624280762098,2.2725023685174786
1437523200,2015-07-22T00:00:00,0.33960696699085713,0.19069163236977146,0.2594951712272857,2.976994672641854,1.6716028493534165,2.274734670978387
1437609600,2015-07-23T00:00:00,0.34160659924114284,0.1918144395410286,0.2610230989897143,2.994523448947858,1.6814453770166566,2.288128485743836
1437696000,2015-07-24T00:00:00,0.3489385841588571,0.19593139916897145,0.2666255007852857,3.0587956287365414,1.7175346451152038,2.3372391398838146
1437782400,2015-07-25T00:00:00,0.35117750547257137,0.19718856878431432,0.26833627036935714,3.0784220129725606,1.7285549939632994,2.352235746057785
1437868800,2015-07-26T00:00:00,0.349640700012,0.19632564201780003,0.2671619905845,3.064950376305192,1.720990577928035,2.3419420094637275
1437955200,2015-07-27T00:00:00,0.34847641367485716,0.19567188728437146,0.26627235429378576,3.0547442422737974,1.7152597639348,2.334143457739326
1438041600,2015-07-28T00:00:00,0.3525424900971429,0.19795501697742862,0.2693792611007143,3.090387468191554,1.735273678824139,2.3613786028088617
1438128000,2015-07-29T00:00:00,0.3530680597131428,0.1982501279078286,0.2697808511467143,3.09499461144541,1.7378606212400256,2.3648989411520978
1438214400,2015-07-30T00:00:00,0.3521193041725715,0.1977173951893143,0.26905590288185716,3.086677820376761,1.7331906862295292,2.35854404466236
1438300800,2015-07-31T00:00:00,0.3473046454525714,0.19501393142131432,0.2653770010618572,3.0444725220372413,1.7094921228392412,2.3262947913082397
1438387200,2015-08-01T00:00:00,0.34828096583314283,0.1955621419858286,0.2661230117417143,3.0530309464933305,1.7142977366477734,2.332834320927868
1438473600,2015-08-02T00:00:00,0.35066873728285713,0.19690289196957148,0.26794751836678576,3.073962151021526,1.7260507510052634,2.3488279460032437
1438560000,2015-08-03T00:00:00,0.3533976564428571,0.19843519872357146,0.27003269745178576,3.097883856378086,1.7394829520108275,2.367106625862354
1438646400,2015-08-04T00:00:00,0.3533976564428571,0.19843519872357146,0.27003269745178576,3.0978838563780857,1.7394829520108275,2.367106625862354
1438732800,2015-08-05T00:00:00,0.34691637499199995,0.19479591490480003,0.26508032190200004,3.041068943179872,1.707580990055477,2.323694101792932
1438819200,2015-08-06T00:00:00,0.34998644186228567,0.19651977842905718,0.2674261734469286,3.0679811493647966,1.7226923777091152,2.3442578364357765
1438905600,2015-08-07T00:00:00,0.3452107677017143,0.19383820475754288,0.2637770598995714,3.0261175896732273,1.6991857029046211,2.3122697070796434
1438992000,2015-08-08T00:00:00,0.34752148886057144,0.1951356904765143,0.2655426920598572,3.0463733713517693,1.7105594627171246,2.3277472385967077
1439078400,2015-08-09T00:00:00,0.3448420551514286,0.1936311701412857,0.2634953250246429,3.022885455457423,1.6973708374585108,2.3098000191660195
1439164800,2015-08-10T00:00:00,0.34871255247085714,0.19580448083177146,0.26645278898228575,3.0568142349595333,1.7164220789713087,2.335725148218717
1439251200,2015-08-11T00:00:00,0.35802710569028573,0.20103466610725715,0.2735700799024286,3.1384656084810447,1.7622698830962165,2.3981153204246892
1439337600,2015-08-12T00:00:00,0.3559858636577143,0.19988849475894285,0.27201035792307143,3.1205720808235236,1.7522225450568933,2.384442797553644
1439424000,2015-08-13T00:00:00,0.35775460755771427,0.20088165654394285,0.27336186288557146,3.1360768898509233,1.7609286012642031,2.3962900900549196
1439510400,2015-08-14T00:00:00,0.35985084800914285,0.2020587098802286,0.2749636093977143,3.154452533648146,1.771246650810084,2.410330999980364
1439596800,2015-08-15T00:00:00,0.35177684385085717,0.19752510137877147,0.26879422744978576,3.0836758131966135,1.7315050386863107,2.3562501978248216
1439683200,2015-08-16T00:00:00,0.35040135833485714,0.19675275686337143,0.2677432129412858,3.0716183071633574,1.7247346666643142,2.347037004643311
1439769600,2015-08-17T00:00:00,0.3435239307548571,0.19289103428637144,0.2624881403987857,3.0113307769970774,1.6908828065543322,2.300971038735756
1439856000,2015-08-18T00:00:00,0.3363027302417142,0.18883628085854287,0.25697038945207146,2.948029733298867,1.6553388380059868,2.2526024339368584
1439942400,2015-08-19T00:00:00,0.34661880598114286,0.1946288278720286,0.2648529481172143,3.038460453230698,1.7061163051262027,2.3217009431955007
1440028800,2015-08-20T00:00:00,0.34765038730285713,0.19520806783257144,0.2656411839242857,3.0475032950968455,1.7111939226203214,2.328610618280289
1440115200,2015-08-21T00:00:00,0.35555926494342854,0.19964895666608573,0.2716843919766429,3.116832516494095,1.7501227541349074,2.3815853800672513
1440201600,2015-08-22T00:00:00,0.36438552671142854,0.2046049629552857,0.27842857725964293,3.1942035271523825,1.793567105266035,2.44070490825803
1440288000,2015-08-23T00:00:00,0.36437121924685706,0.20459692921617142,0.27841764486328574,3.194078107917949,1.7934966815089588,2.440609074871563
1440374400,2015-08-24T00:00:00,0.36869666768742854,0.2070256980696857,0.28172273896564287,3.231994988947999,1.8147872692788651,2.4695815297728254
1440460800,2015-08-25T00:00:00,0.3680047902034285,0.20663720413508574,0.2811940723491429,3.225929990923255,1.8113817314481615,2.4649472382125865
1440547200,2015-08-26T00:00:00,0.37135956249257135,0.2085209316973143,0.2837574685518572,3.2553379248098815,1.8278944872586573,2.48741796932558
1440633600,2015-08-27T00:00:00,0.368280963648,0.20679227741120004,0.28140509768800004,3.228350927338368,1.8127411037865795,2.4667970863330084
1440720000,2015-08-28T00:00:00,0.3664167928971428,0.2057455327974286,0.2799806766507143,3.212009606536354,1.803565340502259,2.4543106115201616
1440806400,2015-08-29T00:00:00,0.3671248155017142,0.2061430923275429,0.28052167982457143,3.2182161326880276,1.8070503473432409,2.459053045342194
1440892800,2015-08-30T00:00:00,0.3727892588605714,0.2093237159765143,0.28484990580985714,3.267870643171769,1.8349316942501246,2.4969942743292077
1440979200,2015-08-31T00:00:00,0.37349741272628567,0.2097213492106572,0.2853910092809286,3.2740783199586203,1.8384173471806207,2.5017375873566197
1441065600,2015-09-01T00:00:00,0.38022388999199996,0.21349831215480003,0.290530740027,3.333042619669872,1.8715262043489773,2.546792467076682
1441152000,2015-09-02T00:00:00,0.3798698786897143,0.21329953238974286,0.2902602384400715,3.3299393565940356,1.8697837009284861,2.5444212501656662
1441238400,2015-09-03T00:00:00,0.3830561116714285,0.21508862397928574,0.2926948530196429,3.3578698749117426,1.8854668778024188,2.5657630815701897
1441324800,2015-09-04T00:00:00,0.3852078755862857,0.21629685411965718,0.2943390252534286,3.3767322373893807,1.8960582232129148,2.580175895371555
1441411200,2015-09-05T00:00:00,0.38319629857199994,0.2151673398818,0.2928019704445,3.3590987532821517,1.886156901403859,2.5667020729164873
1441497600,2015-09-06T00:00:00,0.3836100336942857,0.21539965497985716,0.2931181072639286,3.3627255553641087,1.888193375553428,2.569473328275598
1441584000,2015-09-07T00:00:00,0.3845187545862857,0.21590990796965717,0.2938124648784286,3.3706914027033803,1.8926662532620147,2.575560067124305
1441670400,2015-09-08T00:00:00,0.3805432483525714,0.2136776340563143,0.2907747631493572,3.3358421150586417,1.8730981401376514,2.548931573767265
1441756800,2015-09-09T00:00:00,0.3792750031902857,0.2129655057322572,0.2898056914649286,3.324724677966045,1.8668556232489664,2.540436691381564
1441843200,2015-09-10T00:00:00,0.3911394353708571,0.21962746546677145,0.2988713560697857,3.4287282904609335,1.9252543622817184,2.6199063073077413
1441929600,2015-09-11T00:00:00,0.3928344105085714,0.22057920558771432,0.30016649399785716,3.4435864425181366,1.9335973161819038,2.6312594863852157
1442016000,2015-09-12T00:00:00,0.38837455065771426,0.2180749638089429,0.2967586955480715,3.4044913110655233,1.9116451327491932,2.601386725174394
1442102400,2015-09-13T00:00:00,0.390976015248,0.21953570395120003,0.298746486038,3.4272957496639678,1.9244499808362197,2.618811696609108
1442188800,2015-09-14T00:00:00,0.39097601524799996,0.2195357039512,0.298746486038,3.427295749663968,1.9244499808362197,2.618811696609108
1442275200,2015-09-15T00:00:00,0.3998956036885714,0.22454411380471434,0.30556198264035717,3.505484861934017,1.9683537016121255,2.678556339825371
1442361600,2015-09-16T00:00:00,0.39729400783714286,0.2230832999584286,0.3035740918532143,3.482679272700394,1.955548207435585,2.6611304891852767
1442448000,2015-09-17T00:00:00,0.38767834155600006,0.2176840376414,0.29622671912350007,3.398388342079896,1.9082182739645126,2.596723419836601
1442534400,2015-09-18T00:00:00,0.38587087561885713,0.21666913316797146,0.2948456264827857,3.382544095674902,1.8993216213504378,2.5846167617480993
1442620800,2015-09-19T00:00:00,0.3840937310057143,0.2156712543251429,0.2934877024985715,3.3669656459960917,1.8905742154142027,2.572713200102477
1442707200,2015-09-20T00:00:00,0.37753172395199996,0.2119866425288,0.28847364416200005,3.309443092163232,1.8582749084074612,2.528759964724092
1442793600,2015-09-21T00:00:00,0.37214660430514285,0.2089628610526286,0.28435885064871436,3.262237133338882,1.8317684399873422,2.4926896847866296
1442880000,2015-09-22T00:00:00,0.3734673539245715,0.20970447098811432,0.28536804121885717,3.273814824502793,1.8382693926818103,2.501536249324502
1442966400,2015-09-23T00:00:00,0.38186504806114285,0.2144198336240286,0.2917847560972143,3.3474290113039786,1.8796042615482345,2.5577851719481806
1443052800,2015-09-24T00:00:00,0.3821316394422857,0.21456952650605718,0.2919884597394286,3.3497659513510767,1.8809164693520972,2.5595708380758313
1443139200,2015-09-25T00:00:00,0.38871333566742855,0.21826519390668575,0.2970175626581429,3.407461100460679,1.9133126897860073,2.6036559542612805
1443225600,2015-09-26T00:00:00,0.3972310024885714,0.22304792202471432,0.30352594919035714,3.482126967814817,1.9552380844686454,2.660708470602671
1443312000,2015-09-27T00:00:00,0.40536144893828574,0.22761322325845715,0.3097384589404286,3.5533984613930123,1.9952575150836354,2.7151673310717968
1443398400,2015-09-28T00:00:00,0.4096202167182857,0.23000455046545715,0.3129926020579286,3.5907308197524928,2.016219889380198,2.7436931496398023
1443484800,2015-09-29T00:00:00,0.41620204420457135,0.2337002915701143,0.3180218052738572,3.648427119497273,2.048616755903622,2.7877791450306324
1443571200,2015-09-30T00:00:00,0.4123303655348571,0.23152631754337144,0.3150634386412858,3.6144879842785573,2.0295596995851946,2.761846103129511
1443657600,2015-10-01T00:00:00,0.41650906401771426,0.2338726852929429,0.31825640045807146,3.651118455179283,2.0501279592779373,2.7898356064154544
1443744000,2015-10-02T00:00:00,0.40777363496057145,0.22896768219151428,0.31158162084735724,3.574543684064369,2.0071307020908145,2.731324488347933
1443830400,2015-10-03T00:00:00,0.40839751917257144,0.22931799743931428,0.3120583335068572,3.5800126530667606,2.010201565553029,2.7355033515211096
1443916800,2015-10-04T00:00:00,0.4114215133817143,0.23101599084954286,0.3143689807295714,3.606520986304107,2.025086175787093,2.755758485075423
1444003200,2015-10-05T00:00:00,0.41676856729714284,0.2340183981574286,0.3184546880507143,3.653393260926754,2.0514052782480188,2.7915737954525612
1444089600,2015-10-06T00:00:00,0.4057486693097143,0.22783065014274287,0.31003433572257144,3.556792835168955,1.997163479151284,2.717760986944061
1444176000,2015-10-07T00:00:00,0.40122383519314286,0.22528992486982857,0.3065768901517143,3.51712813930309,1.9748914814089173,2.6874530190699275
1444262400,2015-10-08T00:00:00,0.3983951575645714,0.2237016030541143,0.3044154851838572,3.4923319512110327,1.960968252372366,2.668506143121692
1444348800,2015-10-09T00:00:00,0.3936333970851429,0.2210278420096286,0.30077700314121436,3.450590358848362,1.937530063056404,2.636611209535885
1444435200,2015-10-10T00:00:00,0.3995855648691428,0.2243700248892286,0.30532508062021435,3.5027670616429063,1.966827638178978,2.6764796567167983
1444521600,2015-10-11T00:00:00,0.39680794782514284,0.22281037394062858,0.30320269126871435,3.4784184706352024,1.9531557379635505,2.6578747916615497
1444608000,2015-10-12T00:00:00,0.3924431210417142,0.22035949387854287,0.29986750800207146,3.4401563990516673,1.9316713233393068,2.6286385751461583
1444694400,2015-10-13T00:00:00,0.3904591088674286,0.21924545748668575,0.2983515156081428,3.422764548331879,1.9219056803282872,2.6153493858209806
1444780800,2015-10-14T00:00:00,0.3979983551297143,0.2234787957757429,0.3041122867050715,3.488853581067075,1.9590151237701623,2.6658483052566564
1444867200,2015-10-15T00:00:00,0.40835630317371424,0.22929485437434288,0.31202684018157145,3.5796513536207795,2.00999869344549,2.7352272810316554
1444953600,2015-10-16T00:00:00,0.4155651651394285,0.2333426796234857,0.3175351631901429,3.6428442376122305,2.045481929579476,2.7835132405247927
1445040000,2015-10-17T00:00:00,0.40610438700685714,0.22803038806017145,0.31030614117328575,3.5599110565021093,1.9989143817354627,2.720143633525023
1445126400,2015-10-18T00:00:00,0.4057743964937143,0.22784509613234286,0.31005399397657146,3.557018359663899,1.9972901126961176,2.7179333111986255
1445212800,2015-10-19T00:00:00,0.41497698395828575,0.2330124118714572,0.31708573137292856,3.637688241378332,2.042586802465194,2.779573521215092
1445299200,2015-10-20T00:00:00,0.41146469829771426,0.23104023947494287,0.31440197851307145,3.606899545277763,2.0252987392373494,2.7560477436455844
1445385600,2015-10-21T00:00:00,0.40835656569599993,0.22929500178240003,0.312027040776,3.579653654891136,2.0099999856245185,2.7352290394424164
1445472000,2015-10-22T00:00:00,0.4012412929251429,0.2252997275056286,0.3065902296812143,3.5172811737818015,1.9749774113143401,2.6875699533855246
1445558400,2015-10-23T00:00:00,0.4032276678,0.22641509057000003,0.308108027425,3.534693735934799,1.9847546839366201,2.7008749684075504
1445644800,2015-10-24T00:00:00,0.40680309007028576,0.22842271460425717,0.3108400232449286,3.5660358875561244,2.0023535162209183,2.724823643765044
1445731200,2015-10-25T00:00:00,0.41077570855885714,0.23065336702897146,0.3138755184352857,3.600859861226941,2.0219074153759635,2.7514327946037147
1445817600,2015-10-26T00:00:00,0.4103783810794286,0.23043026493448576,0.3135719187676429,3.59737688854227,2.019951702415702,2.7487714399171574
1445904000,2015-10-27T00:00:00,0.4179264218382857,0.2346685413934572,0.31933940977792863,3.6635430138344125,2.0571044338550455,2.7993292661133222
1445990400,2015-10-28T00:00:00,0.41594017822457147,0.23355325203311433,0.3178217123313572,3.6461316023165926,2.0473278073222803,2.7860251302966765
1446076800,2015-10-29T00:00:00,0.41832099283371427,0.23489009570334288,0.3196409032040715,3.667001823180339,2.059046578935504,2.8019721574868903
1446163200,2015-10-30T00:00:00,0.4285896833005714,0.2406560355625143,0.32748725457485717,3.757017163812809,2.1095908077410006,2.8707532736031984
1446249600,2015-10-31T00:00:00,0.4306983935605714,0.24184009078151433,0.32909852932235717,3.775502117951969,2.119970235790755,2.884877708039783
1446336000,2015-11-01T00:00:00,0.4312717422325714,0.2421620299783143,0.32953662755435714,3.7805280924107207,2.1227923547899037,2.888718077141495
1446422400,2015-11-02T00:00:00,0.42826966863428567,0.24047634514085717,0.3272427299664286,3.7542119152481486,2.108015641504754,2.8686097708857132
1446508800,2015-11-03T00:00:00,0.4328336185714285,0.24303903421428577,0.33073006410714295,3.794219500397142,2.130480173922429,2.899179741963215
1446595200,2015-11-04T00:00:00,0.44057566329942854,0.24738624522748573,0.3366457944001429,3.8620862644827905,2.1685878256641398,2.951037033711653
1446681600,2015-11-05T00:00:00,0.43870558579714286,0.2463361839324286,0.3352168599882143,3.845693165097754,2.159382988351669,2.938510994656687
1446768000,2015-11-06T00:00:00,0.42814418298171425,0.2404058840895429,0.32714684582957154,3.753111908017707,2.107397979928933,2.8677692505420245
1446854400,2015-11-07T00:00:00,0.43017531790628566,0.24154638022765715,0.3286988449234286,3.7709168367665002,2.1173955690756427,2.8813740745987753
1446940800,2015-11-08T00:00:00,0.42448842889199995,0.23835315318980005,0.32435346811450005,3.7210655676672717,2.089403740861787,2.8432825014917076
1447027200,2015-11-09T00:00:00,0.42286367846571427,0.2374408447241429,0.3231119891960715,3.706823005430451,2.081406444851836,2.8323996972927623
1447113600,2015-11-10T00:00:00,0.4192077931148571,0.23538804012037146,0.32031851118378574,3.6747755144448377,2.0634115596951763,2.8079120690370662
1447200000,2015-11-11T00:00:00,0.4267399512754285,0.23961739839188573,0.3260738662311429,3.7408024128804067,2.1004861143032705,2.858363511382199
1447286400,2015-11-12T00:00:00,0.43660895156228563,0.24515890948405716,0.3336148125844286,3.8273140693949963,2.1490630005372453,2.9244674471151013
1447372800,2015-11-13T00:00:00,0.44645458736571425,0.2506873012591429,0.3411379060335715,3.9136209128478514,2.1975248828376466,2.9904148842902876
1447459200,2015-11-14T00:00:00,0.44572280649428564,0.2502764012998572,0.3405787490639286,3.9072061217289087,2.193922933794548,2.985513314294398
1447545600,2015-11-15T00:00:00,0.45800569919828565,0.2571733294774572,0.3499641611879286,4.014877959172172,2.2543814061993896,3.0677858369733824
1447632000,2015-11-16T00:00:00,0.4718120087262857,0.26492566661065714,0.36051362278092863,4.13590406849462,2.3223383935090207,3.1602624172976204
1447718400,2015-11-17T00:00:00,0.4765250713217143,0.2675720834605429,0.36411489455707147,4.177218775206147,2.345536883615119,3.191831165687288
1447804800,2015-11-18T00:00:00,0.47176869254914283,0.2649013442812286,0.36048052470021436,4.135524358885786,2.3221251839692494,3.159972279522079
1447891200,2015-11-19T00:00:00,0.4610271994457143,0.2588699225111429,0.3522729027635715,4.041364430341131,2.2692537407326783,3.0880242656254677
1447977600,2015-11-20T00:00:00,0.46403478601200004,0.26055870291780003,0.35457101283450004,4.067728934181192,2.284057589777435,3.1081694985072277
1448064000,2015-11-21T00:00:00,0.4777838656817143,0.2682789050945429,0.3650767448420714,4.188253366565907,2.351732882058763,3.200262745285599
1448150400,2015-11-22T00:00:00,0.48293980337314285,0.27117399933682856,0.36901641941921437,4.2334503163689705,2.3771112781866393,3.2347979326288328
1448236800,2015-11-23T00:00:00,0.478643232384,0.2687614453696,0.365733390704,4.195786575078144,2.3559628301099136,3.2060189029112642
1448323200,2015-11-24T00:00:00,0.48819983115085713,0.27412754087377145,0.37303562968728576,4.279559719868414,2.403002023299481,3.270030329838747
1448409600,2015-11-25T00:00:00,0.492690274848,0.2766489556912,0.376466797388,4.318922949317568,2.4251047455890595,3.3001079459032083
1448496000,2015-11-26T00:00:00,0.5177713915028571,0.2907321740625715,0.3956313884992858,4.538784017914045,2.5485582378325016,3.4681047515847387
1448582400,2015-11-27T00:00:00,0.5091287640737143,0.2858792797093429,0.38902751901907145,4.4630227458701786,2.5060177659321,3.4102152317211805
1448668800,2015-11-28T00:00:00,0.5074435022605714,0.2849329936865143,0.3877398030848572,4.448249740816169,2.4977226226559845,3.3989271138418578
1448755200,2015-11-29T00:00:00,0.5042447994702857,0.2831369002142572,0.3852956602699286,4.420209912156524,2.4819780672781784,3.3775017579261943
1448841600,2015-11-30T00:00:00,0.5110817986182857,0.2869759219504572,0.39051984127042866,4.480143046687892,2.5156309318177077,3.423296928576577
1448928000,2015-12-01T00:00:00,0.5167500485502857,0.2901586830162572,0.3948509758749286,4.529830925591805,2.5435310153205104,3.4612636545196236
1449014400,2015-12-02T00:00:00,0.52291879722,0.293622477543,0.39956454375750006,4.58390617643052,2.573894638141938,3.502582790578245
1449100800,2015-12-03T00:00:00,0.5067852276291428,0.2845633679832286,0.3872368125552143,4.442479305397066,2.494482483740982,3.3945178988590086
1449187200,2015-12-04T00:00:00,0.5162756707799999,0.28989231665700005,0.39448850174250005,4.52567253005748,2.541196047815262,3.458086206274755
1449273600,2015-12-05T00:00:00,0.5262404917011428,0.2954876316900286,0.4021026650622143,4.613024150252218,2.590244579394791,3.5248319619353707
1449360000,2015-12-06T00:00:00,0.5313603325782857,0.29836245732445715,0.40601475790542857,4.6579046753812525,2.6154453009061918,3.559125367798987
1449446400,2015-12-07T00:00:00,0.5303618290645714,0.29780179077911434,0.40525179699635716,4.6491517935800335,2.6105304979697164,3.552437252470067
1449532800,2015-12-08T00:00:00,0.5414427634834285,0.30402381116708577,0.41371878752914293,4.746287264695735,2.665072728690674,3.6266588914804667
1449619200,2015-12-09T00:00:00,0.5517577891337142,0.30981576854834286,0.4216005438165715,4.8367087795461385,2.7158450270947734,3.6957503670960663
1449705600,2015-12-10T00:00:00,0.5958635020508571,0.3345814277087715,0.4553019122747858,5.223339458977813,2.932940795295091,3.991176563000773
1449792000,2015-12-11T00:00:00,0.6058453869205714,0.3401863242655144,0.46292911423235716,5.310840661745729,2.982073318511499,4.058036615360844
1449878400,2015-12-12T00:00:00,0.6064201794651428,0.3405090742066286,0.46336831573371434,5.315879293191442,2.9849025444953066,4.06188665572174
1449964800,2015-12-13T00:00:00,0.6038897271531428,0.3390882079438286,0.46143478603671434,5.293697348224449,2.9724472308356016,4.044937334397838
1450051200,2015-12-14T00:00:00,0.6286646115617142,0.3529994748165429,0.48036538374707144,5.5108739849499875,3.094393396241815,4.210882953926829
1450137600,2015-12-15T00:00:00,0.6327938245937142,0.3553180561473429,0.4835205335140715,5.5470706663885,3.1147180801876075,4.238540996784351
1450224000,2015-12-16T00:00:00,0.6302130992639999,0.3538689612416,0.48154858998399996,5.524448028148223,3.1020153142438667,4.221254939799745
1450310400,2015-12-17T00:00:00,0.5987282764937143,0.3361900181323429,0.45749089897657147,5.248452071743899,2.947041698948118,4.010365220428626
1450396800,2015-12-18T00:00:00,0.6059946308399999,0.340270125746,0.463043152165,5.31214893394344,2.982807922289436,4.05903627187839
1450483200,2015-12-19T00:00:00,0.6181106906314285,0.34707337610328576,0.47230108652964287,5.418358314075102,3.0424452149214027,4.14019132451885
1450569600,2015-12-20T00:00:00,0.6454277095937142,0.3624120688973429,0.4931741403890714,5.657819302298499,3.176904195954108,4.323164514650601
1450656000,2015-12-21T00:00:00,0.6356328718525714,0.3569122005813143,0.4856898619618572,5.571957754659641,3.1286923502958013,4.25755732995764
1450742400,2015-12-22T00:00:00,0.6326415616679999,0.3552325594742,0.4834041887455,5.545735929581688,3.1139686163508373,4.237521118543053
1450828800,2015-12-23T00:00:00,0.6442413713845714,0.3617459318871143,0.4922676541663572,5.647419861557153,3.171064838922444,4.315218256422287
1450915200,2015-12-24T00:00:00,0.6483851544034286,0.3640726943650857,0.4954339369241429,5.683744263500455,3.1914612388043415,4.342973891077037
1451001600,2015-12-25T00:00:00,0.6573159000411428,0.3690873690610286,0.5022579587897144,5.762031179760657,3.2354198771889764,4.402793266750636
1451088000,2015-12-26T00:00:00,0.6658524684668571,0.37388071055917144,0.5087807881207859,5.836862738580469,3.2774383087616976,4.459972388666808
1451174400,2015-12-27T00:00:00,0.6902426264657142,0.3875759509241429,0.5274174146960714,6.050666863598451,3.3974907858010366,4.623341057225763
1451260800,2015-12-28T00:00:00,0.691462173744,0.38826073505360004,0.5283492761140001,6.061357415039903,3.403493603479858,4.631509754415324
1451347200,2015-12-29T00:00:00,0.6969499396045713,0.39134215308011433,0.5325425020488572,6.109463170573673,3.4305053139002823,4.668267572960282
1451433600,2015-12-30T00:00:00,0.7018279974565714,0.3940812158939143,0.5362698474233571,6.1522242257043045,3.454515938526053,4.70094148251315
1451520000,2015-12-31T00:00:00,0.7099165716017142,0.39862300554254293,0.5424503623620714,6.223128666660627,3.494329266585931,4.755119876465918
1451606400,2016-01-01T00:00:00,0.7026422103257143,0.39453840198314294,0.5368919910435714,6.159361615715211,3.458523631784231,4.706395193487948
1451692800,2016-01-02T00:00:00,0.6966582773451427,0.39117838272862865,0.5323196416387143,6.106906459207522,3.4290697029991586,4.66631397860497
1451779200,2016-01-03T00:00:00,0.6699426969394285,0.3761774017934858,0.5119061496151429,5.8727176813710305,3.297571104121696,4.487369307526343
1451865600,2016-01-04T00:00:00,0.7005555519377143,0.39336672904094294,0.5352975662280715,6.141069968286004,3.4482527467729054,4.692418465555275
1451952000,2016-01-05T00:00:00,0.710022499344,0.3986824846936,0.542531302214,6.224057229249504,3.494850660824098,4.7558293952079245
1452038400,2016-01-06T00:00:00,0.7049858780314285,0.3958543874132858,0.5386827978046429,6.179906206823503,3.4700595600648634,4.7220934055554995
1452124800,2016-01-07T00:00:00,0.7123908441445713,0.40001232648111434,0.5443409648513572,6.244818139771312,3.506508053933448,4.7716928978869975
1452211200,2016-01-08T00:00:00,0.7381480869462856,0.4144751943036572,0.5640221869134286,6.470606130171141,3.633289553265859,4.944218490483116
1452297600,2016-01-09T00:00:00,0.7422150821965714,0.41675883992491436,0.5671297958008571,6.506257410535146,3.653307990781799,4.9714597899903135
1452384000,2016-01-10T00:00:00,0.7625497959257144,0.4281769206231429,0.5826676396435716,6.6845115110848115,3.7533988861824708,5.107664529115548
1452470400,2016-01-11T00:00:00,0.755093637966857,0.42399023698417154,0.5769703566832858,6.619150830417468,3.7166984174032476,5.057722146685683
1452556800,2016-01-12T00:00:00,0.763905329748,0.42893806212620006,0.5837034089755001,6.696394120570967,3.76007105259827,5.116744083079234
1452643200,2016-01-13T00:00:00,0.7751408897931428,0.4352469058598286,0.5922885496267144,6.79488503992669,3.815374376767257,5.192001426027779
1452729600,2016-01-14T00:00:00,0.7738731696754285,0.43453507235188576,0.5913198791311428,6.783772205374807,3.809134444236631,5.183510060463599
1452816000,2016-01-15T00:00:00,0.7468459753165714,0.4193591180529143,0.5706682815208571,6.546851819625064,3.676102028851847,5.0024781558118345
1452902400,2016-01-16T00:00:00,0.7495237026308571,0.42086268023577145,0.5727143446922859,6.570324777262093,3.6892822549467725,5.020413945572577
1452988800,2016-01-17T00:00:00,0.7425904890651428,0.4169696334466286,0.5674166458337144,6.509548227145041,3.6551558067931467,4.973974317378341
1453075200,2016-01-18T00:00:00,0.7553184883045715,0.42411649198511425,0.5771421658113571,6.621121868477873,3.7178051687415126,5.059228225502357
1453161600,2016-01-19T00:00:00,0.7384608822497143,0.41465083100374284,0.5642611951750715,6.473348093800994,3.63482918457881,4.946313636904677
1453248000,2016-01-20T00:00:00,0.7440776778137143,0.4178047000903429,0.5685530132715715,6.522584923715018,3.6624760009919455,4.983935714338595
1453334400,2016-01-21T00:00:00,0.7470363039737142,0.41946598889434294,0.5708137124815715,6.548520240633579,3.6770388586478098,5.003753003613456
1453420800,2016-01-22T00:00:00,0.786976969566857,0.44189294552417147,0.6013325500332858,6.898640115223069,3.8736335604648877,5.271281133591783
1453507200,2016-01-23T00:00:00,0.8143433427188571,0.4572593510329715,0.6222433156452858,7.138533742273501,4.008335471155028,5.454584904946576
1453593600,2016-01-24T00:00:00,0.8291360797354285,0.46556557394088577,0.6335465108036429,7.268206874960766,4.081147821165805,5.553668713704734
1453680000,2016-01-25T00:00:00,0.8209999890565715,0.4609971034339143,0.6273296882733572,7.196885904069903,4.041100608701693,5.49917204740425
1453766400,2016-01-26T00:00:00,0.8444567490685714,0.47416823445171435,0.6452531013578573,7.402507862335097,4.156558743203728,5.656288686502977
1453852800,2016-01-27T00:00:00,0.8534306796222857,0.47920715777305717,0.6521101210069287,7.481173337568955,4.20072994503862,5.7163973207467365
1453939200,2016-01-28T00:00:00,0.86645020986,0.486517712959,0.6620584010975,7.59530253963276,4.264814271798595,5.8036039440206855
1454025600,2016-01-29T00:00:00,0.8686372830222856,0.48774576948305715,0.6637295532819287,7.6144744229733545,4.27557941528848,5.818253264069386
1454112000,2016-01-30T00:00:00,0.8827045397022856,0.4956446302250571,0.6744784057369285,7.737787995030236,4.344820828552852,5.912477704689915
1454198400,2016-01-31T00:00:00,0.8979895060045714,0.5042272432401144,0.6861577154488573,7.871776009636073,4.420056014242842,6.0148585336246825
1454284800,2016-02-01T00:00:00,0.9042664138559999,0.5077517698864,0.6909539282360001,7.926799383861696,4.450952014824183,6.0569021349167755
1454371200,2016-02-02T00:00:00,0.9234172833377141,0.5185051139509429,0.7055871915030715,8.094675905738402,4.545215828893966,6.185177320715924
1454457600,2016-02-03T00:00:00,0.9422141415171428,0.5290596782504287,0.7199499531832144,8.259449164539273,4.637737139543257,6.311081289604057
1454544000,2016-02-04T00:00:00,0.9594453167845713,0.5387351008971144,0.7331163696913572,8.410497646933552,4.722551894464105,6.426498096714438
1454630400,2016-02-05T00:00:00,0.9743277051617143,0.5470916636565429,0.7444880678470714,8.540956663447586,4.7958055236132555,6.52618240274743
1454716800,2016-02-06T00:00:00,0.9845096320131427,0.5528088851528287,0.7522681227592144,8.63021143422721,4.845922687249696,6.594382364107274
1454803200,2016-02-07T00:00:00,1.004793416418857,0.5641983686879716,0.7677670512827858,8.8080190883277,4.9457628999187575,6.730245971544901
1454889600,2016-02-08T00:00:00,1.01786847012,0.5715401006780001,0.7777577570950002,8.92263500907192,5.010120522543349,6.817824498694772
1454976000,2016-02-09T00:00:00,1.0423933020514284,0.5853109613762858,0.796497288612143,9.137619685782823,5.130835887424522,6.9820952319740455
1455062400,2016-02-10T00:00:00,1.0564172425542855,0.5931854997888573,0.8072130429864287,9.260553548230869,5.199864091149123,7.076029534819034
1455148800,2016-02-11T00:00:00,1.1053855245085713,0.6206815246877143,0.8446299217478573,9.689809507842138,5.440894245412504,7.404025894041717
1455235200,2016-02-12T00:00:00,1.118942175342857,0.6282936767585715,0.8549886180392858,9.808647109055487,5.507622370465638,7.494830225732379
1455321600,2016-02-13T00:00:00,1.1089938933257142,0.622707648433143,0.8473870921685716,9.72144046889321,5.4586552461649305,7.428195249949697
1455408000,2016-02-14T00:00:00,1.1030477635542855,0.6193688559388573,0.8428436283614287,9.669316695316867,5.429387391160022,7.3883672462162835
1455494400,2016-02-15T00:00:00,1.1068097079085715,0.6214812133977142,0.8457181465228573,9.702293899526538,5.4479043166443635,7.413565272419366
1455580800,2016-02-16T00:00:00,1.0710753056382856,0.6014161023634571,0.8184133332029286,9.38904612922521,5.272013553318065,7.174211278856872
1455667200,2016-02-17T00:00:00,1.062611587146857,0.5966636666011714,0.8119461688257859,9.314853172929348,5.2303537014258685,7.117520115926839
1455753600,2016-02-18T00:00:00,1.0409836886382855,0.5845194538134573,0.7954201968279287,9.125263014603211,5.123897532128765,6.9726534453936235
1455840000,2016-02-19T00:00:00,1.0253833018097143,0.5757597300177429,0.7834998729100715,8.988510023663954,5.047109793335535,6.868159885929686
1455926400,2016-02-20T00:00:00,1.0387049951982859,0.5832399518774573,0.7936790371879286,9.105287987908172,5.1126814181577895,6.957390439989382
1456012800,2016-02-21T00:00:00,1.0191523353582856,0.5722609997814573,0.7787387641479285,8.933889371750732,5.016439924084254,6.826424006520743
1456099200,2016-02-22T00:00:00,1.011699327666857,0.5680760850391715,0.7730438883207859,8.868556306327669,4.979754961453376,6.776502725020008
1456185600,2016-02-23T00:00:00,1.0270121213314287,0.5766743233082857,0.784744461042143,9.002788255591302,5.055127118120432,6.8790699454954245
1456272000,2016-02-24T00:00:00,1.0071366903411427,0.5655141330060286,0.7695575571522143,8.828560227530458,4.957296889930846,6.745941545996311
1456358400,2016-02-25T00:00:00,1.013567173729714,0.5691248933657429,0.7744711176800715,8.884929844914675,4.988948815244101,6.789013817583507
1456444800,2016-02-26T00:00:00,1.017715025844,0.5714539406686,0.7776405096515001,8.921289916548503,5.009365243900947,6.81679670760505
1456531200,2016-02-27T00:00:00,1.0145148791811427,0.5696570364520286,0.7751952635672144,8.893237430901898,4.993613581538483,6.7953616804302
1456617600,2016-02-28T00:00:00,1.0209164851182855,0.5732515819254572,0.7800867587079287,8.949353908546891,5.025123367158558,6.838240526833702
1456704000,2016-02-29T00:00:00,1.027316778444,0.5768453903586,0.7849772508764999,9.005458879840104,5.056626691883488,6.8811105811834
1456790400,2016-03-01T00:00:00,1.0326512312897143,0.5798407220797428,0.7890533296650715,9.052220693485635,5.082883769751026,6.916841487844017
1456876800,2016-03-02T00:00:00,1.0742556318685714,0.6032018772717144,0.8208434344078572,9.416924868959898,5.287667656163848,7.195513546019277
1456963200,2016-03-03T00:00:00,1.0529191330971428,0.5912212874274286,0.8045401222257144,9.229889120729554,5.182645805588839,7.052598711430612
1457049600,2016-03-04T00:00:00,1.068590400942857,0.6000208113985714,0.8165146066392859,9.367263454665087,5.259782432719878,7.157567041799979
1457136000,2016-03-05T00:00:00,1.0668341268514285,0.5990346514962858,0.815172629912143,9.351867955979625,5.251137755016441,7.145803273809846
1457222400,2016-03-06T00:00:00,1.076878229502857,0.6046744837625715,0.8228473727492859,9.439914559822046,5.300576524662702,7.213080069520239
1457308800,2016-03-07T00:00:00,1.0724836064399998,0.602206872886,0.8194894220150001,9.401391294053042,5.2789454477186775,7.183644273383491
1457395200,2016-03-08T00:00:00,1.0812623516742856,0.6071361983168572,0.8261972997064287,9.478345774776788,5.322155914445571,7.242445529226553
1457481600,2016-03-09T00:00:00,1.0874460641142856,0.6106083951028572,0.8309223014714286,9.53255219802583,5.352593191471647,7.283864894698543
1457568000,2016-03-10T00:00:00,1.1036607530914286,0.6197130537522858,0.8433120163521429,9.674690161599463,5.432404629192538,7.392473135342884
1457654400,2016-03-11T00:00:00,1.1040374725714286,0.6199245843142859,0.8435998693571429,9.677992484561143,5.43425890609903,7.394996454784716
1457740800,2016-03-12T00:00:00,1.0978353835714285,0.6164420689642858,0.838860825982143,9.623624972387145,5.40373117654093,7.353454000559465
1457827200,2016-03-13T00:00:00,1.0823295047657142,0.6077354120691429,0.8270127160585715,9.487700438776253,5.327408622198107,7.249593468969438
1457913600,2016-03-14T00:00:00,1.1019701095714285,0.6187637458642857,0.8420201882321431,9.659869980503142,5.424082996246329,7.381148970042965
1458000000,2016-03-15T00:00:00,1.1092065363771428,0.6228270489594286,0.8475495736557143,9.723304497882035,5.459701911178351,7.429619562665992
1458086400,2016-03-16T00:00:00,1.0926663197657143,0.6135396043191429,0.8349111216835715,9.57831295906625,5.378288171461607,7.318830892678187
1458172800,2016-03-17T00:00:00,1.0781934661542858,0.6054129981288572,0.8238523508364287,9.451443924308467,5.307050341597562,7.221889707432133
1458259200,2016-03-18T00:00:00,1.0571208022799998,0.593580553382,0.8077506360550001,9.26672095278648,5.2033271309466125,7.08074207565813
1458345600,2016-03-19T00:00:00,1.055124320297143,0.5924595151074287,0.8062251154257142,9.249219791724753,5.193500109431719,7.067369361821812
1458432000,2016-03-20T00:00:00,1.0752978453428572,0.6037870872585714,0.8216397942892858,9.426060912275485,5.292797606908637,7.202494436739879
1458518400,2016-03-21T00:00:00,1.0682714363657142,0.5998417106091429,0.8162708844085714,9.36446741118185,5.258212435199747,7.155430572725537
1458604800,2016-03-22T00:00:00,1.0616598125999999,0.59612923869,0.8112189137250001,9.3065099172516,5.225668906356541,7.111144997713351
1458691200,2016-03-23T00:00:00,1.0654322578457143,0.598247492471143,0.8141014556635715,9.339579172275531,5.24423751900204,7.136413360346869
1458777600,2016-03-24T00:00:00,1.0784152974857142,0.6055375579371429,0.8240218531285715,9.453388497759772,5.308142232876995,7.223375564525058
1458864000,2016-03-25T00:00:00,1.0917514296,0.6130258872400001,0.8342120501,9.5702930318736,5.37378492754584,7.312702831176601
1458950400,2016-03-26T00:00:00,1.1101083004285712,0.6233333956357143,0.8482386155178573,9.731209361556855,5.464140546142672,7.435659703629537
1459036800,2016-03-27T00:00:00,1.1047082170114284,0.6203012119002859,0.844112388122143,9.683872230322182,5.437560423517906,7.399489194278705
1459123200,2016-03-28T00:00:00,1.1381837462742854,0.6390979503068571,0.8696911866814288,9.977318719840387,5.60233263238991,7.623712942449403
1459209600,2016-03-29T00:00:00,1.1479023212914286,0.6445549965822858,0.8771171924271429,10.062511748440661,5.650169100040317,7.688809308816336
1459296000,2016-03-30T00:00:00,1.14574176288,0.643341828272,0.8754663002800002,10.043572293406081,5.639534466632353,7.67433758825448
1459382400,2016-03-31T00:00:00,1.1209045294285713,0.6293955519857144,0.8564880613928573,9.825849104970857,5.517281408706771,7.507974346169787
1459468800,2016-04-01T00:00:00,1.1295323243485713,0.6342401177837144,0.8630805972878574,9.901480355239576,5.559748872492039,7.565764515825356
1459555200,2016-04-02T00:00:00,1.115643582822857,0.6264414945205715,0.8524681490442857,9.779731647025168,5.49138614096733,7.472735794522209
1459641600,2016-04-03T00:00:00,1.1179787185542855,0.6277526891888572,0.8542524364864287,9.800201446846868,5.502880073429522,7.488376858240033
1459728000,2016-04-04T00:00:00,1.11512641392,0.6261511006480001,0.8520729780199999,9.775198144422719,5.4888405482803675,7.46927172532332
1459814400,2016-04-05T00:00:00,1.1143375344514284,0.6257081394362858,0.8514701917621429,9.768282827001224,5.484957550298481,7.4639877009869435
1459900800,2016-04-06T00:00:00,1.1265238189542857,0.6325508214488573,0.8607817851364287,9.875107796953268,5.544940500820682,7.545613128505933
1459987200,2016-04-07T00:00:00,1.1439513608914285,0.6423365053222857,0.8740982462771428,10.027877629574261,5.630721805655157,7.662345226865434
1460073600,2016-04-08T00:00:00,1.1344362406457142,0.6369937002911429,0.8668277012135714,9.944468085500331,5.583886776752159,7.598611628838168
1460160000,2016-04-09T00:00:00,1.1594769288685713,0.6510542178217144,0.8859614007828572,10.163974758461896,5.707141273425148,7.766337639262526
1460246400,2016-04-10T00:00:00,1.1932267939199999,0.670004997648,0.9117498205200001,10.45982607550272,5.873263809382368,7.9923989266783195
1460332800,2016-04-11T00:00:00,1.1790742174971427,0.6620582292874287,0.9009357748757143,10.335764590579954,5.803602437933599,7.897603002560511
1460419200,2016-04-12T00:00:00,1.1714531955428573,0.6577789733885714,0.8951125186142858,10.268958712128684,5.766090480724217,7.846556338172829
1460505600,2016-04-13T00:00:00,1.1790742174971427,0.6620582292874285,0.9009357748757143,10.335764590579954,5.803602437933599,7.897603002560513
1460592000,2016-04-14T00:00:00,1.2148573176514286,0.6821506845162857,0.928277798462143,10.649439246532422,5.979732900469761,8.137283181319146
1460678400,2016-04-15T00:00:00,1.2201405786514286,0.6851172716662858,0.9323147613371429,10.695752312458424,6.005738003426662,8.172671197881396
1460764800,2016-04-16T00:00:00,1.204660952074286,0.6764253555768571,0.9204867108564286,10.560057905883188,5.92954466698673,8.068986507367454
1460851200,2016-04-17T00:00:00,1.2005236008514284,0.6741022045962859,0.9173253426621429,10.523789885063623,5.90917992549104,8.041273953776345
1460937600,2016-04-18T00:00:00,1.190178910182857,0.6682935901045716,0.9094209192042858,10.433108326662923,5.858261610856673,7.97198377774477
1461024000,2016-04-19T00:00:00,1.20393114012,0.676015561178,0.9199290583450003,10.55366037429192,5.9259524092863485,8.064098125452272
1461110400,2016-04-20T00:00:00,1.217752938462857,0.6837765953865714,0.9304903550092859,10.674822258565404,5.993985635158686,8.1566784520114
1461196800,2016-04-21T00:00:00,1.2066863115085715,0.6775626087377143,0.9220342968728572,10.577812206684138,5.939513828194804,8.082552646387466
1461283200,2016-04-22T00:00:00,1.2113500199142855,0.6801813128728573,0.9255978568964288,10.618694274568627,5.962469388643465,8.113790813554093
1461369600,2016-04-23T00:00:00,1.2183449262171429,0.6841090005554287,0.9309426954457143,10.680011623219475,5.9968994988688875,8.160643668277132
1461456000,2016-04-24T00:00:00,1.1880314778857142,0.667087792197143,0.9077800567785717,10.414283935146171,5.847691586400155,7.957599977720958
1461542400,2016-04-25T00:00:00,1.179869660022857,0.6625048757005715,0.9015435759942859,10.342737439760366,5.80751774039121,7.9029309871659095
1461628800,2016-04-26T00:00:00,1.1810352589714286,0.6631593674742858,0.902434215257143,10.352955080143543,5.813255015279589,7.910738330944114
1461715200,2016-04-27T00:00:00,1.1390645085428572,0.6395925043385715,0.8703641809892858,9.985039481886686,5.606667893031918,7.629612410552079
1461801600,2016-04-28T00:00:00,1.1203991740285715,0.6291117914757144,0.8561019171178573,9.821419159534457,5.514793964076112,7.504589405455136
1461888000,2016-04-29T00:00:00,1.1378674069199999,0.638920323598,0.8694494703950001,9.97454568906072,5.600775556660069,7.621594057482571
1461974400,2016-04-30T00:00:00,1.1401815408685714,0.6402197256217145,0.8712177102828573,9.994831387253896,5.6121661147999475,7.637094448339527
1462060800,2016-05-01T00:00:00,1.1669785031828572,0.6552664030545715,0.8916933865792858,10.229733558900927,5.7440652891763735,7.81658422675402
1462147200,2016-05-02T00:00:00,1.2019359707485715,0.6748952599437145,0.9184045406878572,10.536170719581976,5.9161318486666,8.050734203669757
1462233600,2016-05-03T00:00:00,1.2019175941885714,0.6748849413797143,0.9183904990778572,10.536009630657016,5.916041396134576,8.050611114916498
1462320000,2016-05-04T00:00:00,1.2461998533428569,0.6997497324585715,0.9522267672892859,10.924187914403484,6.134006154731837,8.34721984205788
1462406400,2016-05-05T00:00:00,1.269510519702857,0.7128388308925714,0.9700385495742857,11.128529215715247,6.248745191604281,8.50335792556819
1462492800,2016-05-06T00:00:00,1.2741729154971428,0.7154567979874287,0.9736011066257145,11.169399777247955,6.271694291157799,8.534587300681013
1462579200,2016-05-07T00:00:00,1.2788353112914286,0.7180747650822858,0.9771636636771429,11.210270338780662,6.294643390711317,8.565816675793835
1462665600,2016-05-08T00:00:00,1.2939894102342855,0.7265838951808572,0.9887429770664288,11.343111170113747,6.369234425155395,8.667320936964314
1462752000,2016-05-09T00:00:00,1.3103104207371428,0.7357482540934287,1.0012139326907143,11.486181148181794,6.449569195382996,8.776641333966802
1462838400,2016-05-10T00:00:00,1.3184709259885712,0.7403304335497144,1.0074494105028573,11.557716137215818,6.489736580496796,8.831301532468046
1462924800,2016-05-11T00:00:00,1.2896223520114283,0.7241317621502857,0.9854060887471429,11.304829537732184,6.347739027009405,8.638069773957454
1463011200,2016-05-12T00:00:00,1.285114844365714,0.721600765809143,0.9819618824085715,11.26531672570985,6.325552313082947,8.607877861193538
1463097600,2016-05-13T00:00:00,1.288925355342857,0.7237403937585716,0.9848735105392858,11.298719664935485,6.344308291687639,8.63340119338738
1463184000,2016-05-14T00:00:00,1.2965844430285713,0.7280410238257143,0.9907258529928572,11.365859227588457,6.382007614856213,8.684702827335387
1463270400,2016-05-15T00:00:00,1.27692283644,0.717000897386,0.975702333265,11.19350558423304,6.285229866485677,8.55300665340099
1463356800,2016-05-16T00:00:00,1.256297773062857,0.7054197833765715,0.9599426319842859,11.012706278669006,6.1837098210790264,8.41485711197425
1463443200,2016-05-17T00:00:00,1.2508281212399999,0.702348536506,0.955763247065,10.964759310789841,6.156787271011597,8.37822062377179
1463529600,2016-05-18T00:00:00,1.2789258814799997,0.718125620862,0.9772328687550002,11.21106427705368,6.295089192476293,8.566423327506332
1463616000,2016-05-19T00:00:00,1.2548433996000001,0.70460314274,0.9588313388500002,10.999957240893602,6.176551149258841,8.405115516359102
1463702400,2016-05-20T00:00:00,1.2510407642914285,0.7024679370322858,0.955925728552143,10.966623339778664,6.1578339360250185,8.379644936488086
1463788800,2016-05-21T00:00:00,1.2472381289828571,0.7003327313245714,0.9530201182542858,10.933289438663726,6.139116722791194,8.354174356617069
1463875200,2016-05-22T00:00:00,1.304276346,0.7323600799000001,0.9966032697500001,11.433286449035998,6.419868460403401,8.7362242626285
1463961600,2016-05-23T00:00:00,1.3537092923999998,0.76011701706,1.0343752006500002,11.866615657178398,6.66318577154796,9.0673330088979
1464048000,2016-05-24T00:00:00,1.361974806565714,0.7647581597391431,1.0406909162335716,11.939071154355052,6.703870028273327,9.12269657170349
1464134400,2016-05-25T00:00:00,1.3475150790685715,0.7566389239517145,1.0296421751078573,11.812317183115097,6.632696807360729,9.025843306995478
1464220800,2016-05-26T00:00:00,1.3709819461885715,0.7698157301797144,1.0475733110778571,12.018027740289018,6.748204690755377,9.183027644908496
1464307200,2016-05-27T00:00:00,1.3628936345657146,0.765274087939143,1.0413929967335716,11.94712560060305,6.708392654874527,9.128851009366489
1464393600,2016-05-28T00:00:00,1.3571417712857143,0.762044377407143,1.0369979728035716,11.89670476709057,6.680081012351015,9.090324229596108
1464480000,2016-05-29T00:00:00,1.315093576782857,0.7384340288945715,1.0048687631792859,11.528110294078525,6.473112697289814,8.80867957802962
1464566400,2016-05-30T00:00:00,1.274214919062857,0.7154803832765715,0.9736332017342859,11.169767980505005,6.271901039802425,8.53486864640275
1464652800,2016-05-31T00:00:00,1.252395379285714,0.703228562607143,0.9569607958035716,10.97849789481857,6.164501579814215,8.388718336014108
1464739200,2016-06-01T00:00:00,1.2588980563028571,0.7068798601825714,0.9619295197992858,11.035500361550845,6.196508854360421,8.432274170560538
1464825600,2016-06-02T00:00:00,1.2627991374685712,0.7090703439117144,0.9649103530078573,11.069697239049495,6.215710634730088,8.458404154466876
1464912000,2016-06-03T00:00:00,1.2667015312457142,0.7112615646811429,0.9678921891885715,11.10390562289993,6.234918875994899,8.484542930427017
1464998400,2016-06-04T00:00:00,1.24849429812,0.701038078878,0.9539799625950002,10.944301017319919,6.145299799444549,8.36258835210777
1465084800,2016-06-05T00:00:00,1.2784073999657142,0.717834489949143,0.9768366947585715,11.206519268099452,6.292537138894187,8.562950466253637
1465171200,2016-06-06T00:00:00,1.3122215829771429,0.7368213847494287,1.0026742601307144,11.502934396377634,6.458976258713492,8.789442564305842
1465257600,2016-06-07T00:00:00,1.3291280181771428,0.7463144636294287,1.0155925413307145,11.651136207340835,6.542192588175572,8.90268421730504
1465344000,2016-06-08T00:00:00,1.327608014142857,0.7454609709785716,1.0144310995892858,11.637811851976286,6.5347108715981586,8.892503018999678
1465430400,2016-06-09T00:00:00,1.3592222603999997,0.76321258626,1.03858768365,11.914942334666398,6.690321531155161,9.1042596348759
1465516800,2016-06-10T00:00:00,1.3587680968457143,0.7629575703211431,1.0382406552885715,11.91096113694953,6.688086061435138,9.101217584259619
1465603200,2016-06-11T00:00:00,1.4035793384057142,0.7881193886351429,1.0724811212735716,12.30377648046449,6.9086545607756635,9.401369509084128
1465689600,2016-06-12T00:00:00,1.3692689882742854,0.7688538926068572,1.0462644324314287,12.003011951212388,6.73977322259171,9.171554014693905
1465776000,2016-06-13T00:00:00,1.3541490172285713,0.7603639255557144,1.0347111963178572,11.870470285025657,6.665350171421392,9.070278346922336
1465862400,2016-06-14T00:00:00,1.3409454588685714,0.7529500373217143,1.0246222995328573,11.754727892441897,6.600360027162147,8.981839077705027
1465948800,2016-06-15T00:00:00,1.3509462453428571,0.7585655472585715,1.0322639442892858,11.842394786675484,6.649585587268637,9.048825735639879
1466035200,2016-06-16T00:00:00,1.3304773827257141,0.7470721410431429,1.0166235966935715,11.66296473697361,6.548834388384192,8.91172244861585
1466121600,2016-06-17T00:00:00,1.3368737382171427,0.7506637383554287,1.0215110799457146,11.719035189211473,6.580318330423688,8.954566126804133
1466208000,2016-06-18T00:00:00,1.3394320178914285,0.7521002298722859,1.0234658726521428,11.741461068836262,6.592910615060457,8.971701839668684
1466294400,2016-06-19T00:00:00,1.3790912595942852,0.7743691650648572,1.0537696729764288,12.089113981603507,6.788120100958539,9.237344953311375
1466380800,2016-06-20T00:00:00,1.3829293354114287,0.7765242708602857,1.0567023635221429,12.122758554216583,6.8070117583612655,9.263052918635106
1466467200,2016-06-21T00:00:00,1.4150751892971427,0.7945743874574287,1.0812651513007143,12.404549109378753,6.965239080451819,9.478370316302062
1466553600,2016-06-22T00:00:00,1.3969230858514285,0.7843818573462858,1.067395049537143,12.245427770573622,6.875891361497541,9.356785004242596
1466640000,2016-06-23T00:00:00,1.397643709525714,0.7847864924631429,1.0679456812435715,12.251744757702411,6.8794383929319105,9.36161184178115
1466726400,2016-06-24T00:00:00,1.3833296818971428,0.7767490681474287,1.0570082700257142,12.126267991510355,6.808982331380359,9.265734495045413
1466812800,2016-06-25T00:00:00,1.402602755502857,0.7875710306625716,1.0717349099992857,12.295215754738043,6.903847654788102,9.394828221053741
1466899200,2016-06-26T00:00:00,1.375702096885714,0.7724661270471429,1.0511799989035715,12.059404581300171,6.771438069695255,9.21464387038871
1466985600,2016-06-27T00:00:00,1.3667986535657142,0.7674667827891429,1.0443768388585715,11.98135699715705,6.727613817929627,9.155007369434239
1467072000,2016-06-28T00:00:00,1.3680535100914286,0.7681713933022858,1.045335680227143,11.992357069461463,6.733790433687838,9.163412572871136
1467158400,2016-06-29T00:00:00,1.3912880449885716,0.7812177433997144,1.0630892901278572,12.196031002369818,6.848154738641896,9.3190407172608
1467244800,2016-06-30T00:00:00,1.404954955182857,0.7888918068545715,1.0735322360792858,12.315835137132925,6.915425578887174,9.41058358147102
1467331200,2016-07-01T00:00:00,1.4404899717771424,0.8088449614694287,1.1006846979307143,12.627335092598432,7.090334932241012,9.648602062060643
1467417600,2016-07-02T00:00:00,1.4227224634799998,0.798868384162,1.0871084670050002,12.471585114865679,7.002880255564093,9.529592821765831
1467504000,2016-07-03T00:00:00,1.4336552040685713,0.8050071927017145,1.0954622219828571,12.567421518865094,7.056693051223228,9.602821837901727
1467590400,2016-07-04T00:00:00,1.4393532502799997,0.8082066845820001,1.0998161240550002,12.61737059195448,7.084739797045813,9.640988143466132
1467676800,2016-07-05T00:00:00,1.4389870316914284,0.8080010503422859,1.099536294827143,12.61416031980706,7.0829372073004775,9.638535160454737
1467763200,2016-07-06T00:00:00,1.4343915790799997,0.805420672302,1.0960248893550002,12.573876582215279,7.0603176133993335,9.607754180085932
1467849600,2016-07-07T00:00:00,1.4201510576914285,0.7974245222422859,1.085143644577143,12.449044171723063,6.990223361975878,9.512369188363236
1467936000,2016-07-08T00:00:00,1.4102172143999998,0.7918466013600002,1.0775531514000003,12.361964101430399,6.941327307521761,9.445830925172402
1468022400,2016-07-09T00:00:00,1.4140539776057142,0.794000970115143,1.0804848389735715,12.395597167691692,6.960212504029344,9.471530098442328
1468108800,2016-07-10T00:00:00,1.420804738182857,0.7977915683045715,1.085643124704286,12.454774334910926,6.993440887757875,9.51674763115777
1468195200,2016-07-11T00:00:00,1.4133215404285713,0.7935897016357145,1.0799251805178574,12.389176623396859,6.956607324538672,9.466624132419538
1468281600,2016-07-12T00:00:00,1.4105361789771427,0.7920257021494288,1.0777968736307144,12.364760144913634,6.942897305041892,9.447967394246843
1468368000,2016-07-13T00:00:00,1.3952193162171427,0.7834251790554287,1.0660931916957144,12.230492525959475,6.867505119599889,9.345372918404633
1468454400,2016-07-14T00:00:00,1.4007887265085714,0.7865524409877144,1.0703488024978574,12.279313976574135,6.894918697698304,9.382677602696218
1468540800,2016-07-15T00:00:00,1.3868645444742855,0.7787339176368572,1.0597092740064287,12.15725459686159,6.826381522004691,9.289411495940355
1468627200,2016-07-16T00:00:00,1.3980033650571428,0.7849884415014287,1.0682204956107144,12.254897498090912,6.881208678201523,9.364020864523523
1468713600,2016-07-17T00:00:00,1.3882559125885712,0.7795151803397145,1.0607724244778571,12.169451329751416,6.833230070857937,9.298731072972897
1468800000,2016-07-18T00:00:00,1.395224566662857,0.7834281272165715,1.0660972035842857,12.230538551366603,6.8675309631804655,9.34540808661985
1468886400,2016-07-19T00:00:00,1.3744157376857142,0.7717438275671429,1.0501970862035714,12.048128356552969,6.765106392453576,9.20602765766051
1468972800,2016-07-20T00:00:00,1.40374866528,0.788214466832,1.07261050468,12.305260799844477,6.909488016249313,9.40250368402488
1469059200,2016-07-21T00:00:00,1.331019968605714,0.782005639465143,1.0358954740985715,11.66772104479769,6.855061435551443,9.080659725948077
1469145600,2016-07-22T00:00:00,1.2629274209485715,0.7773586004637144,1.0021558239628572,11.070821772035176,6.81432549166492,8.784897952858406
1469232000,2016-07-23T00:00:00,1.1660606775942857,0.7570752518008572,0.9467131787064286,10.221687899791508,6.636521657286314,8.298887724540553
1469318400,2016-07-24T00:00:00,1.0738272432,0.73757095472,0.8938183694,9.413169613891199,6.46554698907552,7.835211826160401
1469404800,2016-07-25T00:00:00,0.9894854380971428,0.7243204444634286,0.8479460843307144,8.673829350359554,6.349393016166416,7.433095375243042
1469491200,2016-07-26T00:00:00,0.9310628988342858,0.7251031812468572,0.8215953299714288,8.161697371181349,6.35625448680995,7.2021046625295435
1469577600,2016-07-27T00:00:00,0.8410622110285715,0.7078940276157144,0.7709736934428573,7.372751341876457,6.205399046079352,6.758355396720087
1469664000,2016-07-28T00:00:00,0.8438504125371429,0.7102407638854286,0.7735295448257143,7.397192716300594,6.225970536219667,6.780759989942212
1469750400,2016-07-29T00:00:00,0.8605787458971429,0.7243204444634287,0.7888638504057145,7.543833286534354,6.349393016166415,6.915180512656493
1469836800,2016-07-30T00:00:00,0.8494268155542858,0.7149342364248572,0.7786412475914286,7.446075465148868,6.267113516500298,6.825569176386464
1469923200,2016-07-31T00:00:00,0.8773079549485715,0.7384008620817143,0.8041989587028573,7.690481533079177,6.472821957008308,7.049608071989247
1470009600,2016-08-01T00:00:00,0.8977535984228572,0.7556092786725715,0.8229407985542858,7.869708043774766,6.623670936843761,7.21389904012687
1470096000,2016-08-02T00:00:00,0.91896722328,0.7734640795940001,0.8423866213400002,8.05566667927248,6.7801861217210035,7.384361122666442
1470182400,2016-08-03T00:00:00,0.9459008645485715,0.7961332276617143,0.8670757925028573,8.291766978632777,6.978903873682589,7.600786397080047
1470268800,2016-08-04T00:00:00,0.9539738638285715,0.8029280020557144,0.8744760418428573,8.362534890321259,7.038466866020393,7.665656982794488
1470355200,2016-08-05T00:00:00,0.9658858943314286,0.8129539610622858,0.885395403137143,8.466955749709303,7.126354422671997,7.761376103900196
1470441600,2016-08-06T00:00:00,1.0011832644342857,0.8426625808988571,0.9177513257314287,8.776372496030948,7.386780184159383,8.045008121361706
1470528000,2016-08-07T00:00:00,0.9881337107657143,0.8316792065611429,0.9057892348685715,8.661980108572253,7.290499924714979,7.940148432857899
1470614400,2016-08-08T00:00:00,0.9760141413942858,0.8214785690068572,0.8946796296114288,8.55573996346231,7.201081135914111,7.842761633173785
1470700800,2016-08-09T00:00:00,0.9438920284114287,0.7944424572462857,0.865234359377143,8.274157521054585,6.964082580220941,7.584644394300036
1470787200,2016-08-10T00:00:00,0.9307093696457144,0.783347052785143,0.8531502555085716,8.158598334314332,6.866820264714563,7.478715139788139
1470873600,2016-08-11T00:00:00,0.9280726627542858,0.7811278244848572,0.8507332741914287,8.13548496170407,6.847366509434258,7.457527881562064
1470960000,2016-08-12T00:00:00,0.9104957844000001,0.7663339518700001,0.8346211357000001,7.981406046050401,6.7176834220924215,7.316288875546202
1471046400,2016-08-13T00:00:00,0.9078599532,0.7641154606100001,0.8322049571000001,7.958300349751201,6.698236127707261,7.295108653938603
1471132800,2016-08-14T00:00:00,0.9210434876571428,0.7752116021114287,0.8442898636857145,8.073867212802515,6.7955049041087845,7.401044945068974
1471219200,2016-08-15T00:00:00,0.9206336640685714,0.7748666672577144,0.8439141920628572,8.070274699225097,6.792481205181124,7.397751807623008
1471305600,2016-08-16T00:00:00,0.9393997313828572,0.7906614405805715,0.8611164204342858,8.234778045302125,6.93093818812929,7.54854654152695
1471392000,2016-08-17T00:00:00,0.9230812216114286,0.7769266948562857,0.846157786477143,8.091729988645783,6.810539407110201,7.417419156258637
1471478400,2016-08-18T00:00:00,0.9369758175085714,0.7886213130697144,0.8588944993828572,8.213530016280137,6.913054430369116,7.5290691815901285
1471564800,2016-08-19T00:00:00,0.9517487319085715,0.8010551826897144,0.8724363375828573,8.343029383910538,7.0220497314580355,7.647776935251327
1471651200,2016-08-20T00:00:00,0.9551639284800001,0.8039296398040001,0.8755669344400001,8.37296699705568,7.047247222521865,7.675219747301043
1471737600,2016-08-21T00:00:00,0.96614860176,0.8131750731480001,0.8856362182800002,8.46925864302816,7.128292691215369,7.763487089442482
1471824000,2016-08-22T00:00:00,0.9859961479885716,0.8298800912237144,0.9038298023228573,8.643242233267818,7.27472887966708,7.922972047162167
1471910400,2016-08-23T00:00:00,0.9973512387428572,0.8394372926085715,0.914238635514286,8.742780958819887,7.358507307006738,8.01421587891823
1471996800,2016-08-24T00:00:00,1.0247927810400002,0.8625339240420001,0.9393933826200002,8.983333518596641,7.560972378152172,8.23472239204692
1472083200,2016-08-25T00:00:00,1.0020825995314286,0.8434195212722858,0.9185757162371431,8.784256067492503,7.393415523472858,8.052234728534795
1472169600,2016-08-26T00:00:00,0.9812647872,0.8258978625600001,0.8994927216,8.6017671245952,7.239820663200961,7.8849531975456015
1472256000,2016-08-27T00:00:00,0.9708554431885715,0.8171366646837143,0.8899508229228573,8.510518814991018,7.163020002617441,7.801308913741766
1472342400,2016-08-28T00:00:00,0.9604469748685716,0.8083762038477144,0.8804097269628572,8.419278181697898,7.086225802929064,7.717671666556407
1472428800,2016-08-29T00:00:00,0.9526953543428573,0.8018519232385714,0.8733040748142858,8.351327476169486,7.029033959109318,7.65538351982203
1472515200,2016-08-30T00:00:00,0.9711952114628571,0.8174226363145715,0.8902622771742859,8.513497223683405,7.165526829933534,7.804039121709789
1472601600,2016-08-31T00:00:00,0.9561341945828571,0.8047462804405715,0.8764563450342858,8.381472349713325,7.054405894342051,7.68301632057055
1472688000,2016-09-01T00:00:00,0.9676574180914287,0.8144449935602858,0.887019299917143,8.482484926989464,7.139424813549466,7.775611183073676
1472774400,2016-09-02T00:00:00,0.9897808863428572,0.8330655793385715,0.907299145814286,8.676419249681485,7.3026528684819185,7.95338431220803
1472860800,2016-09-03T00:00:00,0.9746025268114286,0.8202904600662858,0.893385649577143,8.543365750028984,7.190666172941062,7.831418604193236
1472947200,2016-09-04T00:00:00,1.0027857797485715,0.8440113646217144,0.9192202981028574,8.790420145275977,7.398603622273948,8.057885133169647
1473033600,2016-09-05T00:00:00,0.9955648282285715,0.8379337304257144,0.9126010925428574,8.727121284251657,7.3453270809118125,7.999861177230687
1473120000,2016-09-06T00:00:00,0.9686574577028573,0.8152866935665716,0.8879360028942859,8.491251274223247,7.146803155804567,7.783647001371311
1473206400,2016-09-07T00:00:00,0.9859549904914288,0.8298454503302859,0.903792074617143,8.642881446647865,7.274425217595286,7.922641326093876
1473292800,2016-09-08T00:00:00,0.9897984001714287,0.8330803201442859,0.9073152001571431,8.676572775902743,7.302782086384809,7.953525044577516
1473379200,2016-09-09T00:00:00,0.9792270532457145,0.8241827698151429,0.8976247988085717,8.583904348751933,7.2247861601995425,7.868578986355939
1473465600,2016-09-10T00:00:00,1.0070950572685715,0.8476383398677144,0.9231704691628574,8.828195272016298,7.430397687280384,8.092512332681606
1473552000,2016-09-11T00:00:00,0.9926803006628573,0.8355059197245716,0.9099569422742858,8.701835515610606,7.324044892305594,7.97668255597639
1473638400,2016-09-12T00:00:00,1.017611235634286,0.8564894566588572,0.9328102993314288,8.920380091570149,7.507986577071542,8.177015083939304
1473724800,2016-09-13T00:00:00,1.049126494457143,0.8830147995014287,0.9616992865857145,9.196642850411317,7.740507732429522,8.430255946210371
1473811200,2016-09-14T00:00:00,1.0564183769828572,0.8891521339605716,0.968383512234286,9.260563492631727,7.794307606298369,8.48884986824575
1473897600,2016-09-15T00:00:00,1.0694320273028572,0.9001052896465715,0.980312691694286,9.374641151336846,7.890322969041845,8.59342105539211
1473984000,2016-09-16T00:00:00,1.0696211766514288,0.9002644903482857,0.980486078597143,9.376299234526424,7.891718522393073,8.594940964982555
1474070400,2016-09-17T00:00:00,1.0809114662400001,0.909767150752,0.9908355107200002,9.475269913059842,7.975018843492033,8.685664086971522
1474156800,2016-09-18T00:00:00,1.0658574548914286,0.8970966912002858,0.977036000317143,9.343306449578265,7.8639495950617055,8.564697578780075
1474243200,2016-09-19T00:00:00,1.0371391544914286,0.8729254550302858,0.9507108916171431,9.091561828271864,7.652064538795486,8.333931675915876
1474329600,2016-09-20T00:00:00,1.0233759123085715,0.8613413928597143,0.9380945862828574,8.970913247296938,7.550518649808256,8.223337143355527
1474416000,2016-09-21T00:00:00,1.0332064242857144,0.8696154071071429,0.9471058889285716,9.057087515288572,7.623048658701216,8.302330222347859
1474502400,2016-09-22T00:00:00,1.0204265835771429,0.8588590411774286,0.9353910349457146,8.945059431637235,7.52875835496134,8.199637812334133
1474588800,2016-09-23T00:00:00,1.0174772548457145,0.856376689495143,0.9326874836085716,8.919205615977534,7.506998060114422,8.175938481312738
1474675200,2016-09-24T00:00:00,1.0204265835771429,0.8588590411774287,0.9353910349457145,8.945059431637235,7.52875835496134,8.199637812334133
1474761600,2016-09-25T00:00:00,1.0672550584114286,0.8982730074962858,0.9783171368771431,9.355557842034584,7.8742611837124405,8.575928021865037
1474848000,2016-09-26T00:00:00,1.0971686776114287,0.9234503036562859,1.005737954477143,9.617780627941784,8.094965361851001,8.816298908946637
1474934400,2016-09-27T00:00:00,1.1240891835085716,0.9461083961197144,1.0304150848828573,9.853765782636136,8.293586200385416,9.032618634083127
1475020800,2016-09-28T00:00:00,1.1163121679314287,0.9395627413422859,1.023286153937143,9.785592464086903,8.236206990606478,8.970126425412996
1475107200,2016-09-29T00:00:00,1.1278607864914287,0.9492828286302858,1.033872387617143,9.886827654383865,8.321413275773086,9.062925349851875
1475193600,2016-09-30T00:00:00,1.1432755827085717,0.9622569487797143,1.0480026174828574,10.021953758023338,8.435144413002977,9.186790944854726
1475280000,2016-10-01T00:00:00,1.1449490290285715,0.9636654327657145,1.0495366099428574,10.036623188464459,8.447491183624253,9.200237922759088
1475366400,2016-10-02T00:00:00,1.1036374101942859,0.9288948202468573,1.0116676260114288,9.674485537763108,8.14269199428395,8.868278409616183
1475452800,2016-10-03T00:00:00,1.1015375021485716,0.9271273976417145,1.0097427103028573,9.656077743834377,8.127198767727268,8.851404598514847
1475539200,2016-10-04T00:00:00,1.0920861645600002,0.919172521838,1.00107898418,9.57322731853296,8.057466326431909,8.77545837532188
1475625600,2016-10-05T00:00:00,1.1120379180685716,0.9359652477077144,1.0193680915628573,9.748124389789098,8.204671361405824,8.935780690640007
1475712000,2016-10-06T00:00:00,1.130939717554286,0.9518742622748573,1.0366947410914287,9.913817564080869,8.344129783101398,9.087666100407464
1475798400,2016-10-07T00:00:00,1.131989671577143,0.9527579735774286,1.0376571989457146,9.923021461045234,8.351876396379739,9.096103005958133
1475884800,2016-10-08T00:00:00,1.1518188282857145,0.969447513807143,1.0558339259285716,10.096843848752572,8.498176906033414,9.255440194689857
1475971200,2016-10-09T00:00:00,1.1838165930857143,0.9963789658471429,1.0851652103285716,10.377336254989372,8.734258014616055,9.512558233740256
1476057600,2016-10-10T00:00:00,1.1648000780228573,0.9803733990025715,1.067733404854286,10.210637483948366,8.593953215656542,9.35975102695267
1476144000,2016-10-11T00:00:00,1.1553137127771431,0.9723890415874287,1.0590375700457144,10.127480006204435,8.523962338555398,9.283523339020734
1476230400,2016-10-12T00:00:00,1.1420032030628573,0.9611860292445715,1.0468362694742859,10.010800078049007,8.425756732357913,9.17656673821159
1476316800,2016-10-13T00:00:00,1.116987326022857,0.9401309994025715,1.0239050488542858,9.791510899916366,8.241188340762942,8.975551658256672
1476403200,2016-10-14T00:00:00,1.1198762320457143,0.9425624953051429,1.0265532127085717,9.816835050112733,8.262502833844882,8.99876546260334
1476489600,2016-10-15T00:00:00,1.0949873302628572,0.9216143363045715,1.003738386074286,9.598658937084206,8.078871272045875,8.79877069232719
1476576000,2016-10-16T00:00:00,1.0612259229257144,0.8931984851291429,0.9727904293485716,9.302706440366814,7.8297779206420675,8.527480903669579
1476662400,2016-10-17T00:00:00,1.0623511864114286,0.8941455818962858,0.9738219208771431,9.312570500082584,7.838080170902842,8.536522958409035
1476748800,2016-10-18T00:00:00,1.0803571535657144,0.909300604251143,0.9903273907685716,9.470410808157053,7.970929096865519,8.6812099074773
1476835200,2016-10-19T00:00:00,1.0589745202628573,0.8913035545545716,0.970726643574286,9.282970644624205,7.813166959225375,8.50938975757219
1476921600,2016-10-20T00:00:00,1.0657269768685713,0.8969868721977143,0.9769163954628574,9.342162679229899,7.862986921685165,8.563649122627407
1477008000,2016-10-21T00:00:00,1.097236981542857,0.9235077927985715,1.0058005664142857,9.618379380204686,8.095469311672279,8.816847765187632
1477094400,2016-10-22T00:00:00,1.1043668611542856,0.9295087748048572,1.0123362893914287,9.680879904878468,8.14807391993938,8.874139912805266
1477180800,2016-10-23T00:00:00,1.1170477487314285,0.9401818551822858,1.0239604363371428,9.792040565379704,8.241634142527918,8.976037184931396
1477267200,2016-10-24T00:00:00,1.1342515825371429,0.9546617486354287,1.0397306173257144,9.942849372520595,8.368564888538168,9.114278591477214
1477353600,2016-10-25T00:00:00,1.1132778971314286,0.9370088967522857,1.0205047390371431,9.758994046254104,8.213819988930537,8.945744542399597
1477440000,2016-10-26T00:00:00,1.1249622478628571,0.9468432252845715,1.0312153938742858,9.861419064765807,8.300027712844555,9.03963414270199
1477526400,2016-10-27T00:00:00,1.1530132713942858,0.9704528367568573,1.0569288321114287,10.10731433704231,8.50698956701061,9.265038142288786
1477612800,2016-10-28T00:00:00,1.13626392144,0.956355467212,1.0415752613200002,9.96048953534304,8.383412025580393,9.130448740731122
1477699200,2016-10-29T00:00:00,1.13383037496,0.9543072322580002,1.0393445103800003,9.93915706689936,8.36545719797363,9.110893977991083
1477785600,2016-10-30T00:00:00,1.1603270462057143,0.9766085972231429,1.0636331256885716,10.171426887039292,8.560950963258072,9.32380797978602
1477872000,2016-10-31T00:00:00,1.1647431580800003,0.980325491384,1.0676812282400003,10.210138523729281,8.593533257472146,9.35929364675184
1477958400,2016-11-01T00:00:00,1.1702635168457145,0.9849717933451431,1.0727415571085717,10.258529988669533,8.634262740463525,9.403652489613739
1478044800,2016-11-02T00:00:00,1.16474315808,0.9803254913840002,1.0676812282400001,10.210138523729281,8.593533257472146,9.359293646751842
1478131200,2016-11-03T00:00:00,1.157015181222857,0.9738211108625715,1.060597249454286,10.142395078599566,8.536515857821303,9.297195488716271
1478217600,2016-11-04T00:00:00,1.1172701743542857,0.9403690634148573,1.0241643264914289,9.79399034838967,8.24327520989464,8.977824486023865
1478304000,2016-11-05T00:00:00,1.11530599848,0.938715882054,1.0223638319400001,9.776772382675682,8.228783422085366,8.962041350786041
1478390400,2016-11-06T00:00:00,1.0994130747428572,0.9253393379085716,1.007795318514286,9.637455013195886,8.11152463610654,8.83433376209623
1478476800,2016-11-07T00:00:00,1.0989463312114285,0.9249464954362858,1.0073674702771431,9.633363539399385,8.108080978994481,8.830583244449436
1478563200,2016-11-08T00:00:00,1.12728370584,0.948797119082,1.03334339702,9.881768965393439,8.317155545872813,9.058288218277323
1478649600,2016-11-09T00:00:00,1.14338066568,0.9623453936140002,1.04809894354,10.022874915350881,8.435919720420324,9.187635339071642
1478736000,2016-11-10T00:00:00,1.15846620192,0.9750423866160001,1.0619273517600003,10.155114726030721,8.547221561075856,9.308855165528161
1478822400,2016-11-11T00:00:00,1.2110663589600001,1.0193141854580001,1.1101441623800004,10.616207702643361,8.935308149724829,9.731523727423081
1478908800,2016-11-12T00:00:00,1.23473980104,1.039239332542,1.1318448176200002,10.823729095916642,9.109971989063173,9.921751671256922
1478995200,2016-11-13T00:00:00,1.22254754928,1.028977520644,1.1206685868400004,10.71685181698848,9.020016945965304,9.823780832239441
1479081600,2016-11-14T00:00:00,1.2513648028114286,1.0532320423662858,1.147084402577143,10.969463861444984,9.232632083382862,10.055341872991237
1479168000,2016-11-15T00:00:00,1.2369561760457144,1.0411047815051429,1.1338764947085715,10.843157839216731,9.126324514674083,9.939561352615339
1479254400,2016-11-16T00:00:00,1.2635579302628572,1.0634945913045715,1.1582614360742858,11.076348816684206,9.322593587375875,10.153319748627192
1479340800,2016-11-17T00:00:00,1.2535820535085715,1.0550982283697146,1.1491168823828575,10.988900281056138,9.248991069888916,10.073158590968129
1479427200,2016-11-18T00:00:00,1.249024955314286,1.0512626707228574,1.1449395423714288,10.94895275828503,9.215368571556567,10.036540028427945
1479513600,2016-11-19T00:00:00,1.2370078418400001,1.0411482668820002,1.1339238550200004,10.84361074156944,9.126705707487613,9.939976513105323
1479600000,2016-11-20T00:00:00,1.2366356729828571,1.0408350247605715,1.133582700234286,10.840348309367727,9.12395982705117,9.936985950253753
1479686400,2016-11-21T00:00:00,1.2165061541142859,1.0238926797128571,1.1151306412714288,10.663892946965829,8.975443230362908,9.775235201385344
1479772800,2016-11-22T00:00:00,1.2079769196,1.0167139073300002,1.1073121763000002,10.5891256772136,8.912514111654781,9.706698537445801
1479859200,2016-11-23T00:00:00,1.1987681485371429,1.0089631916854287,1.0988708028257146,10.508401590076597,8.844571338314468,9.632701457570215
1479945600,2016-11-24T00:00:00,1.2212611585714286,1.0278948084642858,1.119489395357143,10.705575316037145,9.010525890997929,9.813444039700716
1480032000,2016-11-25T00:00:00,1.2316109555657146,1.036605887601143,1.1289767092685719,10.796301636489051,9.08688721071162,9.896609833448299
1480118400,2016-11-26T00:00:00,1.2451053604800002,1.0479636784040003,1.1413465804400003,10.914593589967682,9.186449604889464,10.005044124137044
1480204800,2016-11-27T00:00:00,1.2647322324685715,1.0644829623277143,1.1593378797628573,11.0866427498195,9.331257647764744,10.162755854001208
1480291200,2016-11-28T00:00:00,1.2953998219885716,1.0902948501737144,1.1874498368228572,11.35547483955182,9.55752465662278,10.409185269589168
1480377600,2016-11-29T00:00:00,1.3137998502857144,1.105781540657143,1.2043165294285718,11.516769487604574,9.693280985400516,10.55703869697086
1480464000,2016-11-30T00:00:00,1.30766650752,1.1006193104960003,1.1986942985600002,11.463004604920323,9.648028875807938,10.507754221176963
1480550400,2016-12-01T00:00:00,1.2880396355314285,1.0841000265722858,1.1807029992371432,11.290955445068503,9.503220832932657,10.350042491312797
1480636800,2016-12-02T00:00:00,1.2798300283885715,1.0771902738937145,1.1731775260228574,11.218990028854218,9.442649940952302,10.284074193116368
1480723200,2016-12-03T00:00:00,1.3068547415657146,1.099936074151143,1.1979501797685717,11.455888664565052,9.64203962600892,10.5012312758513
1480809600,2016-12-04T00:00:00,1.3149601414285716,1.1067581190357145,1.2053801296428575,11.526940599762861,9.701841671467074,10.566362216449289
1480896000,2016-12-05T00:00:00,1.3035244870628573,1.0971331099445716,1.194897446474286,11.426695653593006,9.617468841774114,10.474471015793592
1480982400,2016-12-06T00:00:00,1.3079931404228573,1.1008942265225716,1.198993712054286,11.465867868946768,9.650438789696864,10.510378879867872
1481068800,2016-12-07T00:00:00,1.351008854777143,1.1370991194374287,1.2384247835457145,11.842943620976436,9.9678108809885,10.856031652561734
1481155200,2016-12-08T00:00:00,1.3678956882857143,1.1513122043071429,1.2539043809285715,11.990973603512574,10.092402782956416,10.99172580321986
1481241600,2016-12-09T00:00:00,1.3581685078971433,1.143125160813429,1.2449877989057145,11.905705140226356,10.020635159690515,10.913563045207495
1481328000,2016-12-10T00:00:00,1.3082357069485717,1.1010983866817143,1.1992160647028576,11.467994207111179,9.65222845765191,10.512328023185248
1481414400,2016-12-11T00:00:00,1.3569197719200001,1.1420741413660003,1.24384312426,11.894758720650719,10.011421923214357,10.903528827263163
1481500800,2016-12-12T00:00:00,1.3619129644457144,1.146276745075143,1.2484202174085717,11.938529046331132,10.048261947328703,10.94365162580354
1481587200,2016-12-13T00:00:00,1.396866187817143,1.1756957080794288,1.2804606721657146,12.244929002405074,10.306148577024272,11.224518252204652
1481673600,2016-12-14T00:00:00,1.35317443968,1.1389218200640001,1.2404099030400002,11.86192713823488,9.983788674681024,10.873433210048642
1481760000,2016-12-15T00:00:00,1.3281454272685715,1.1178557346177145,1.2174666416628575,11.642522815436298,9.799123369658885,10.672312580816607
1481846400,2016-12-16T00:00:00,1.3391896475657143,1.127151286701143,1.2275905102685716,11.739336450561053,9.88060817922222,10.7610584130143
1481932800,2016-12-17T00:00:00,1.36883005104,1.152098626292,1.2547608801200003,11.99916422741664,10.099296558075674,10.999233875131921
1482019200,2016-12-18T00:00:00,1.3257626708914287,1.1158502480002859,1.2152824483171432,11.621635573034265,9.781543273970504,10.653165941948076
1482105600,2016-12-19T00:00:00,1.3348943811085714,1.1235361040997145,1.2236531826828574,11.701684144797738,9.848917488538095,10.726543799397927
1482192000,2016-12-20T00:00:00,1.29901117344,1.0933344043120001,1.19076024232,11.38713194637504,9.584169388198992,10.438204284177122
1482278400,2016-12-21T00:00:00,1.3401660435085714,1.1279730866197144,1.2284855398828574,11.747895537396138,9.887812077308416,10.768904242613129
1482364800,2016-12-22T00:00:00,1.3838796839314287,1.1647654006422858,1.268556376937143,12.131089309342903,10.210333502030277,11.120165200230996
1482451200,2016-12-23T00:00:00,1.4095321886399999,1.186356258772,1.29207117292,12.355959165618241,10.399598964395352,11.326295901816723
1482537600,2016-12-24T00:00:00,1.4000808510514287,1.1784013829682858,1.2834074467971432,12.273108740316824,10.329866523099993,11.250349678623758
1482624000,2016-12-25T00:00:00,1.432484060982857,1.2056740846605716,1.313110389234286,12.557155278575726,10.56893902613457,11.51072567202775
1482710400,2016-12-26T00:00:00,1.42033296672,1.195446913656,1.3019718861600003,12.45063878626752,10.479287645108498,11.413085554078563
1482796800,2016-12-27T00:00:00,1.4446351552457144,1.215901255665143,1.3242488923085716,12.663671770883933,10.658590407160643,11.60836578997694
1482883200,2016-12-28T00:00:00,1.452927077382857,1.2228802901305715,1.331849820934286,12.736358760338126,10.71976862328459,11.674995530309948
1482969600,2016-12-29T00:00:00,1.4456956175657143,1.2167938114511432,1.3252209827685717,12.672967783581052,10.666414551180718,11.616887134949298
1483056000,2016-12-30T00:00:00,1.4575953883885717,1.2268094518937145,1.3361291060228575,12.777281174614219,10.754211655300299,11.712507743396369
1483142400,2016-12-31T00:00:00,1.4773010726057143,1.2433950694431428,1.354192649888572,12.95002120246169,10.899601178738592,11.870852768923218
1483228800,2017-01-01T00:00:00,1.4702666433600002,1.2374744248280003,1.3477444230800002,12.88835739569376,10.84770080804225,11.814327612719282
1483315200,2017-01-02T00:00:00,1.4984341338514287,1.261182062658286,1.3735646226971432,13.135273617341623,11.055521961262532,12.040667482563155
1483401600,2017-01-03T00:00:00,1.5146142843771428,1.2748003560174286,1.3883964273457146,13.277108816850033,11.174899920848778,12.170683082112532
1483488000,2017-01-04T00:00:00,1.5032390527200001,1.2652262027060002,1.3779691316600002,13.177393536143521,11.090972892920798,12.07927740813156
1483574400,2017-01-05T00:00:00,1.4894092579885714,1.2535861254737146,1.3652918198228574,13.056161555527819,10.98893597590258,11.968148092567167
1483660800,2017-01-06T00:00:00,1.4949410007428572,1.2582420089585715,1.370362584014286,13.104652812511887,11.029749450530838,12.012598411469229
1483747200,2017-01-07T00:00:00,1.4811120817028574,1.2466026687665714,1.3576860748942858,12.983428508207249,10.927718994407766,11.90147613252331
1483833600,2017-01-08T00:00:00,1.4963245932,1.2594065326100001,1.3716308771,13.116781383991201,11.03995766485926,12.0237162686586
1483920000,2017-01-09T00:00:00,1.46451685344,1.2326350183120003,1.3424737823200001,12.837954737255043,10.805278570522992,11.76812517581712
1484006400,2017-01-10T00:00:00,1.4606576813142857,1.2293868817728573,1.3389362078714289,12.80412523440103,10.776805405620866,11.737114798200945
1484092800,2017-01-11T00:00:00,1.4734532844685713,1.2401565144277142,1.3506655107628573,12.916291491651497,10.871212005473343,11.83993386734721
1484179200,2017-01-12T00:00:00,1.5320913339085713,1.2895102060397146,1.4044170560828575,13.430312633042536,11.303846466144137,12.31111991362233
1484265600,2017-01-13T00:00:00,1.5294239778171428,1.2872651813294287,1.4019719796657146,13.406930589545073,11.284166579533773,12.289686373749655
1484352000,2017-01-14T00:00:00,1.5908274607885713,1.3389464461637144,1.4582585057228576,13.945193521272618,11.73720454707112,12.783094061166569
1484438400,2017-01-15T00:00:00,1.6047929876914289,1.3507007646402858,1.4710602387171434,14.067615330103063,11.840242902836748,12.895314052594477
1484524800,2017-01-16T00:00:00,1.6645633061485718,1.4010074493417144,1.5258496973028575,14.591561941698377,12.281231300929468,13.375598446556848
1484611200,2017-01-17T00:00:00,1.6733386099542857,1.4083933300448574,1.533893725791429,14.668486254859271,12.345975931173218,13.446112400287664
1484697600,2017-01-18T00:00:00,1.668939136217143,1.4046904396494286,1.5298608748657145,14.629920468079474,12.313516393966893,13.410760429072853
1484784000,2017-01-19T00:00:00,1.6718727025028575,1.4071595246065716,1.532549977294286,14.655636110140048,12.335160392701207,13.434333100961712
1484870400,2017-01-20T00:00:00,1.7290684881600005,1.4552993108680004,1.5849794474800003,15.157014367210563,12.757153759068888,13.893929836609683
1484956800,2017-01-21T00:00:00,1.7422677850628574,1.4664087190945716,1.597078802974286,15.272719403861005,12.854538831583016,13.999992786872593
1485043200,2017-01-22T00:00:00,1.755707021417143,1.477720076359429,1.6093981029657147,15.390527749742676,12.953694189366752,14.107983770597453
1485129600,2017-01-23T00:00:00,1.7439219661714287,1.4678009881942857,1.5985951356571433,15.287219955458744,12.86674346251111,14.013284959170518
1485216000,2017-01-24T00:00:00,1.7670857558400002,1.487297177832,1.6198286095200005,15.490273735693439,13.037647060875313,14.199417591052324
1485302400,2017-01-25T00:00:00,1.8019820592685716,1.5166682332177146,1.6518168876628576,15.796174731548296,13.295113732386485,14.479826837252606
1485388800,2017-01-26T00:00:00,1.8119448006514287,1.5250535405482857,1.6609494005971432,15.883508122510424,13.368619336446274,14.559882445634555
1485475200,2017-01-27T00:00:00,1.8255679322057146,1.5365196762731432,1.6734372711885717,16.00292849371529,13.469131482210372,14.66935111923902
1485561600,2017-01-28T00:00:00,1.8201333912000002,1.5319456042600004,1.6684556086000004,15.955289307259202,13.42903516694316,14.625681864987602
1485648000,2017-01-29T00:00:00,1.847450585314286,1.5549375759728572,1.693496369871429,16.19475183086503,13.630582790978067,14.845189178292944
1485734400,2017-01-30T00:00:00,1.8577145645485715,1.5635764251617144,1.7029050175028575,16.284725872832777,13.706310942967589,14.927665383430048
1485820800,2017-01-31T00:00:00,1.8508727874171431,1.5578179294094288,1.6966333884657148,16.224750854498676,13.655831969203051,14.872688283290453
1485907200,2017-02-01T00:00:00,1.9244291160342857,1.6197278393288574,1.7640600230314287,16.869545631156548,14.198534239556762,15.463750161893504
1485993600,2017-02-02T00:00:00,1.9278504424457144,1.4395461498192859,1.6675093891578574,16.89953697847913,12.619061549315859,14.617387305357779
1486080000,2017-02-03T00:00:00,1.8919278286628571,1.2355782613031427,1.539973235381429,16.584639346058605,10.83107903858335,13.499405381353606
1486166400,2017-02-04T00:00:00,1.879260076457143,1.0563195010065716,1.4365510256900003,16.47359383022331,9.259696745823605,12.592806291198542
1486252800,2017-02-05T00:00:00,1.8857909831314288,0.8626436362875715,1.3340773028707145,16.530843758130104,7.561934115696851,11.694521636964682
1486339200,2017-02-06T00:00:00,1.869182619497143,0.6920825087670001,1.2335853142878572,16.385254842511955,6.066795271851521,10.813608865047359
1486425600,2017-02-07T00:00:00,1.89864438192,0.5277280607184286,1.1575886751078575,16.64351665191072,4.626064180257744,10.147422325995477
1486512000,2017-02-08T00:00:00,1.8385194084342857,0.2942346685111428,1.0028815285500001,16.116461134334948,2.5792611041686784,8.791259479269302
1486598400,2017-02-09T00:00:00,1.8805333317942858,0.30095853161314284,1.0257994197,16.48475518650871,2.63820248812081,8.9921577130902
1486684800,2017-02-10T00:00:00,1.8958018875428573,0.3034020948514286,1.0341281610000002,16.61859934620069,2.659622763467623,9.065167459326002
1486771200,2017-02-11T00:00:00,1.9039037846400002,0.304698713748,1.0385476101000002,16.689620576154244,2.670988924714968,9.103908350136601
1486857600,2017-02-12T00:00:00,1.868986464617143,0.29911058341057145,1.01950079715,16.383535348833874,2.622003374177069,8.936943987816901
1486944000,2017-02-13T00:00:00,1.9388202289714287,0.3102867039407143,1.057593945375,16.995698127163543,2.7199732467443014,9.270868525157251
1487030400,2017-02-14T00:00:00,1.9718994726857146,0.3155806705228571,1.0756381185000001,17.285670777562974,2.7663801578033658,9.429043746771002
1487116800,2017-02-15T00:00:00,1.9590346899085718,0.3135218045252857,1.068620595075,17.17289809173854,2.7483321384686548,9.36752813642745
1487203200,2017-02-16T00:00:00,1.9259554461942858,0.30822783794314285,1.05057642195,16.88292544133911,2.70192522740959,9.209352914813701
1487289600,2017-02-17T00:00:00,1.933306875737143,0.30940435281957146,1.0545865035750002,16.947368072711797,2.7122385568163634,9.244505290338452
1487376000,2017-02-18T00:00:00,1.9628124227314285,0.3141263888227143,1.070681285025,17.206013697663703,2.7536319244199134,9.385592144529152
1487462400,2017-02-19T00:00:00,1.9626407872114287,0.31409892045871424,1.070587660725,17.204509140695386,2.7533911367410893,9.38477143391535
1487548800,2017-02-20T00:00:00,1.94706398808,0.311606026281,1.0620907778250002,17.06796291950928,2.7315384263792457,9.31028775841395
1487635200,2017-02-21T00:00:00,1.9012732075885717,0.3042777190262857,1.0371126744,16.666560937721417,2.6672984849844203,9.0913297037904
1487721600,2017-02-22T00:00:00,1.9106150837485714,0.30577278283828574,1.0422085113000001,16.74845182413998,2.680404214360412,9.1359998100558
1487808000,2017-02-23T00:00:00,1.9209281017028574,0.3074232671384286,1.0478340897750003,16.838855739527247,2.694872359735465,9.18531363096765
1487894400,2017-02-24T00:00:00,1.9561851900000005,0.313065773625,1.067066240625,17.14791937554,2.7443345715967498,9.353902665318751
1487980800,2017-02-25T00:00:00,1.9916647039200002,0.318743876869,1.0864197209250002,17.45893279456272,2.794108824633654,9.523555273628551
1488067200,2017-02-26T00:00:00,2.0760901145485717,0.33225522877328567,1.1324723676750001,18.199005944132775,2.9125493354266223,9.927252775039051
1488153600,2017-02-27T00:00:00,2.0684155548685714,0.3310270004972857,1.128286023975,18.131730753977898,2.901782686359206,9.890555286164851
1488240000,2017-02-28T00:00:00,2.0971969050514288,0.3356331368217143,1.1439857682000003,18.384028069680824,2.9421600773791474,10.028179244041201
1488326400,2017-03-01T00:00:00,2.1087096202628572,0.3374756193804286,1.1502657614250003,18.48494853122421,2.9583112794888367,10.083229664651551
1488412800,2017-03-02T00:00:00,2.1221409753942857,0.33962515900814283,1.1575923405750002,18.60268779030631,2.97715414386538,10.147454457480451
1488499200,2017-03-03T00:00:00,2.1026839875428576,0.3365112836014285,1.14697887975,18.43212783480069,2.9498579120501227,10.054416859888502
1488585600,2017-03-04T00:00:00,2.0470145320457145,0.3276020038248571,1.11661212465,17.94412938791273,2.8717591655286974,9.788221884681901
1488672000,2017-03-05T00:00:00,2.000324416457143,0.32012976794857145,1.0911434490000003,17.534843834663317,2.8062575458371772,9.564963473934
1488758400,2017-03-06T00:00:00,2.008843142674286,0.3214930957291428,1.0957902714,17.60951898868279,2.818208477161666,9.6056975190924
1488844800,2017-03-07T00:00:00,2.0221562794628576,0.3236237158204286,1.103052364425,17.726221945771407,2.8368854928818763,9.66935702654955
1488931200,2017-03-08T00:00:00,2.03067500568,0.32498704360099995,1.1076991868250001,17.80089709979088,2.848836424206366,9.71009107170795
1489017600,2017-03-09T00:00:00,2.0262851645485718,0.3242844981482857,1.1053046020500001,17.76241575243278,2.8426779107678724,9.689100141570302
1489104000,2017-03-10T00:00:00,2.045885765794286,0.32742135728814287,1.1159964015750001,17.934234622952708,2.8701756179878606,9.782824456206452
1489190400,2017-03-11T00:00:00,2.0799834386400002,0.33287831217299996,1.1345961107250002,18.23313482311824,2.9180112845085184,9.94586950661535
1489276800,2017-03-12T00:00:00,2.096029608377143,0.33544632391757145,1.143349027425,18.373795547034035,2.940522475461431,10.02259757440755
1489363200,2017-03-13T00:00:00,2.1020464841828574,0.33640925824942863,1.14663113235,18.426539480346925,2.9489635578144906,10.051368506180099
1489449600,2017-03-14T00:00:00,2.10806423568,0.337372332726,1.14991371495,18.47929108997088,2.9574058686761155,10.080143625251699
1489536000,2017-03-15T00:00:00,2.10806423568,0.337372332726,1.14991371495,18.47929108997088,2.9574058686761155,10.080143625251699
1489622400,2017-03-16T00:00:00,2.1180926539200002,0.338977269994,1.15538404905,18.56720020426272,2.9714747487674034,10.1280965739723
1489708800,2017-03-17T00:00:00,2.1205174434857144,0.3393653307078571,1.156706731125,18.588455909595773,2.974876488985075,10.139691205041752
1489795200,2017-03-18T00:00:00,2.1467715482057144,0.34356700938685714,1.1710279053000001,18.818599391571293,3.0117084042851894,10.2652306178598
1489881600,2017-03-19T00:00:00,2.1775573560685717,0.34849393696228576,1.1878210476,19.088467783297094,3.0548978514113965,10.412439303261602
1489968000,2017-03-20T00:00:00,2.1683477093142858,0.3470200350021428,1.1827973396250002,19.00773601984903,3.041977626828784,10.36840147915275
1490054400,2017-03-21T00:00:00,2.1494993270057146,0.3440035601718571,1.1725158629249999,18.84251110053209,3.0155352084664995,10.278274054400551
1490140800,2017-03-22T00:00:00,2.1939345371657146,0.35111492340885714,1.19675452545,19.232030152794653,3.0778734186020418,10.490750170094701
1490227200,2017-03-23T00:00:00,2.1935282163428576,0.3510498962614285,1.1965328842500003,19.228468344461486,3.0773033906276828,10.4888072633355
1490313600,2017-03-24T00:00:00,2.242661511017143,0.35891313589057144,1.22333427315,19.659170805576274,3.146232549216749,10.7237482384329
1490400000,2017-03-25T00:00:00,2.19296251968,0.350959362776,1.1962243062,19.223509447514882,3.076509774094416,10.4861022681492
1490486400,2017-03-26T00:00:00,2.195032654217143,0.3512906648805714,1.1973535299000002,19.241656246867475,3.079413968343089,10.496001043103401
1490572800,2017-03-27T00:00:00,2.186749488994286,0.34996503602814283,1.1928352020750002,19.16904602052391,3.0677935058227,10.45639338138945
1490659200,2017-03-28T00:00:00,2.2136691192,0.35427322469,1.2075194092500001,19.4050234989072,3.1055590876325394,10.5851151414855
1490745600,2017-03-29T00:00:00,2.170183158548572,0.3473137783232857,1.1837985464250003,19.023825567836777,3.044552580781922,10.37717805796155
1490832000,2017-03-30T00:00:00,1.9293515932114287,0.3535165833775714,1.0767951774407145,16.91269606609138,3.098926369887791,9.439186525445303
1490918400,2017-03-31T00:00:00,1.6207235230971428,0.34217957671542854,0.9291670278157144,14.207262403469555,2.9995461694874463,8.145078165832553
1491004800,2017-04-01T00:00:00,1.3998986048400002,0.3440488269145714,0.8289735154721429,12.27151117002744,3.0159320167331325,7.266781836628804
1491091200,2017-04-02T00:00:00,1.1621234934857143,0.34403172925942854,0.7197290561161905,10.187174543895773,3.015782138688151,6.309144905914526
1491177600,2017-04-03T00:00:00,1.0068280378971428,0.36154785651914284,0.6578065298042858,8.825854580206355,3.169328510246806,5.766332040264368
1491264000,2017-04-04T00:00:00,0.7696974567942858,0.35368966209971425,0.5446408122388096,6.747167906258708,3.1004435779660957,4.774321360085404
1491350400,2017-04-05T00:00:00,0.5925865872514285,0.3643441640032857,0.46900561111380956,5.1946140238460226,3.193840941652802,4.111303187023654
1491436800,2017-04-06T00:00:00,0.6255387718114286,0.36026062731842856,0.48164784386714293,5.483472873698983,3.1580446590733446,4.222124999339375
1491523200,2017-04-07T00:00:00,0.9220516510114286,0.3696587318584285,0.5714005167671429,8.082704772766183,3.240428443470985,5.008896929980774
1491609600,2017-04-08T00:00:00,1.1654308777028572,0.3713990489204285,0.6405417850817858,10.216167073943245,3.255684062836477,5.614989288026933
1491696000,2017-04-09T00:00:00,1.4052743722114287,0.37174716839071426,0.7005970415138095,12.318635146805383,3.2587356781130015,6.141433665910055
1491782400,2017-04-10T00:00:00,1.606944694474286,0.36165282491014283,0.7412964239214286,14.086477191761588,3.1702486631623126,6.498204452095243
1491868800,2017-04-11T00:00:00,1.8863221328571431,0.37627216092557136,0.8246578797665476,16.535499816625716,3.2984017626735596,7.228950974033557
1491955200,2017-04-12T00:00:00,2.086508347234286,0.36931061238814283,0.8679426821672619,18.29033217185575,3.2373768281944604,7.608385551878219
1492041600,2017-04-13T00:00:00,2.2746382592228573,0.36403066027742853,0.9098113311492858,19.939478980347566,3.1910927679919388,7.9754061288546385
1492128000,2017-04-14T00:00:00,2.237425751965714,0.3580752106438571,0.8949270476260713,19.61327414173145,3.1388872965040515,7.844930499490142
1492214400,2017-04-15T00:00:00,2.2795254930857145,0.36481280792785714,0.9117661302160716,19.98232047238937,3.1979490742955954,7.992541897474084
1492300800,2017-04-16T00:00:00,2.2647070427314286,0.3624412790727143,0.9058390365396429,19.852421936583706,3.1771602523514133,7.94058499430651
1492387200,2017-04-17T00:00:00,2.2578521302285712,0.36134422624928575,0.9030972040553572,19.792331773583662,3.167543487301238,7.916550090749261
1492473600,2017-04-18T00:00:00,2.2256336911885715,0.35618802192128574,0.8902104512753573,19.50990493695902,3.12234420016199,7.803584815879781
1492560000,2017-04-19T00:00:00,2.240988064697143,0.35864531934157146,0.8963519038532143,19.644501375135153,3.143884869348215,7.857420789177277
1492646400,2017-04-20T00:00:00,2.267124826765714,0.3628282186288571,0.9068061034135715,19.873616231428255,3.1805521645005617,7.949062302523368
1492732800,2017-04-21T00:00:00,2.3306036984228578,0.3729873089674286,0.9321964249242859,20.43007202037477,3.2696067504084785,8.171633860886288
1492819200,2017-04-22T00:00:00,2.3192678728800002,0.37117313564099996,0.9276623138475,20.330702173666083,3.2537037070290062,8.131887843187185
1492905600,2017-04-23T00:00:00,2.33513802864,0.37371297829800004,0.9340100693549999,20.469819959058242,3.2759679677602676,8.187532267965931
1492992000,2017-04-24T00:00:00,2.30339771712,0.368633292984,0.92131455834,20.191584388273924,3.231439446297743,8.07624341840844
1493078400,2017-04-25T00:00:00,2.3079320473371427,0.3693589623145715,0.9231282027707143,20.231332326957396,3.237800663649533,8.092141825488081
1493164800,2017-04-26T00:00:00,2.330603698422857,0.37298730896742854,0.9321964249242857,20.430072020374773,3.2696067504084785,8.171633860886288
1493251200,2017-04-27T00:00:00,2.3516929750971434,0.37636241412157145,0.9406317279032143,20.61494061970156,3.2991929221896945,8.245577726799576
1493337600,2017-04-28T00:00:00,2.28210265296,0.36522525382199994,0.9127969443449999,20.004911855847364,3.2015645750036517,8.00157801412827
1493424000,2017-04-29T00:00:00,2.3464607188114286,0.37552504945371423,0.9385389265371428,20.569074661100984,3.2918525835112598,8.227232230024594
1493510400,2017-04-30T00:00:00,2.342692618594286,0.3749220067481428,0.9370317592939287,20.53604349459751,3.2865663111542203,8.214020401970577
1493596800,2017-05-01T00:00:00,2.402399011577143,0.38447735365757135,0.9609131622632143,21.059429735485235,3.370328482162271,8.423364780399336
1493683200,2017-05-02T00:00:00,2.42587192032,0.388233932724,0.97030187199,21.265193253525123,3.4032586542585834,8.50566620986434
1493769600,2017-05-03T00:00:00,2.3789322326742863,0.38072175560414284,0.9515269043539286,20.85371995162279,3.337406909625916,8.341084843566538
1493856000,2017-05-04T00:00:00,2.4267090813257144,0.3883679110708571,0.9706367202085716,21.272531806901213,3.4044331084471335,8.508601489348338
1493942400,2017-05-05T00:00:00,2.410803897908572,0.38582246262528574,0.9642749543153571,21.13310696906654,3.382119707373254,8.452834249528422
1494028800,2017-05-06T00:00:00,2.399442677314286,0.3840042251021428,0.9597306857089286,21.03351450933703,3.3661810372453838,8.41299919092447
1494115200,2017-05-07T00:00:00,2.4357978826628575,0.38982247306042855,0.9742720650417857,21.352204239422605,3.4171837988477165,8.540468922156295
1494201600,2017-05-08T00:00:00,2.5039643305371433,0.40073175805457145,1.0015373264207141,21.9497513214886,3.512814591106373,8.779476203403982
1494288000,2017-05-09T00:00:00,2.497147948457143,0.3996408715985714,0.9988109053607143,21.889998916175312,3.5032518804330772,8.755576396392023
1494374400,2017-05-10T00:00:00,2.5556669038628574,0.40900618227542856,1.0222173562542858,22.40297607926181,3.5853481938264067,8.960757344925069
1494460800,2017-05-11T00:00:00,2.5030133296457144,0.40057956089485713,1.0011569444485713,21.941414847674334,3.5114804308043177,8.776141775036177
1494547200,2017-05-12T00:00:00,2.5852897935085717,0.41374699767028567,1.034065939452857,22.66265032989614,3.6269061815777244,9.064622025243747
1494633600,2017-05-13T00:00:00,2.5887014873142857,0.4142930014771428,1.0354305510214286,22.69255723779703,3.6316924509486346,9.076584210253843
1494720000,2017-05-14T00:00:00,2.6090105229257143,0.4175432376908571,1.0435537726585715,22.870586243966816,3.6601840215980537,9.147792371125037
1494806400,2017-05-15T00:00:00,2.6144065335085713,0.41840680942028563,1.0457120725778573,22.917887672736136,3.6677540913782245,9.166712028217498
1494892800,2017-05-16T00:00:00,2.58397888344,0.41353720103299996,1.0335416007675,22.651158892235042,3.6250671042552782,9.060025672327907
1494979200,2017-05-17T00:00:00,2.603357934754286,0.4166386035601429,1.0412928466639286,22.82103565605607,3.6522539988082126,9.127973093856
1495065600,2017-05-18T00:00:00,2.793125647851429,0.41936946346271425,1.1155495223706429,24.484539429065624,3.6761927167141537,9.778907113101056
1495152000,2017-05-19T00:00:00,3.016961928257143,0.4232705317295714,1.2031778414417142,26.446688263102114,3.7103894811414233,10.547056958078068
1495238400,2017-05-20T00:00:00,3.2347016948228573,0.4260012514874285,1.2883560745392857,28.355395056817166,3.734326970538799,11.293729349411379
1495324800,2017-05-21T00:00:00,3.3720481432114284,0.41936946346271425,1.341587274618643,29.55937402339138,3.6761927167141537,11.760354049307024
1495411200,2017-05-22T00:00:00,3.4911144831428573,0.41000681553542856,1.3875183829932858,30.603109559230287,3.5941197449835665,12.162986145319143
1495497600,2017-05-23T00:00:00,3.8108743846971427,0.42700622923357134,1.5133800534152144,33.406124856255154,3.743136605461487,13.266289548237769
1495584000,2017-05-24T00:00:00,4.031860580177143,0.43047312917557135,1.5998697017537142,35.343289845832835,3.7735274503530585,14.02445780557306
1495670400,2017-05-25T00:00:00,4.14682696476,0.44274784412099993,1.645489145124,36.35108517308616,3.881127601564686,14.424357846156983
1495756800,2017-05-26T00:00:00,4.14252684972,0.4422887300369999,1.643782830228,36.313390364645514,3.877103007504342,14.409400289778647
1495843200,2017-05-27T00:00:00,4.192898313291428,0.44766678344771427,1.6637705695851428,36.75494661431266,3.9242470237026628,14.584612812983362
1495929600,2017-05-28T00:00:00,4.297372994725714,0.4588213216918571,1.7052268337845713,37.670771671765614,4.022027705950819,14.948018424955553
1496016000,2017-05-29T00:00:00,4.3510640526,0.46455380108499994,1.7265318107399998,38.1414274850916,4.07227862031111,15.134777852946838
1496102400,2017-05-30T00:00:00,4.4055663043371425,0.47037288991157145,1.7481586749377143,38.619194223819385,4.123288752964835,15.324358944504002
1496188800,2017-05-31T00:00:00,4.444449792685714,0.4745243967828571,1.7635879075885714,38.96004688268297,4.159680862198526,15.459611597921414
1496275200,2017-06-01T00:00:00,4.471668103268572,0.47743043757828574,1.7743883183588571,39.1986425932523,4.185155215811252,15.554287998733741
1496361600,2017-06-02T00:00:00,4.444448480074285,0.47452425663814285,1.7635873867354286,38.960035376331184,4.15967963368996,15.459607032122765
1496448000,2017-06-03T00:00:00,4.5377699022,0.484487985245,1.8006179617800002,39.7780909626852,4.24702167865767,15.78421705296348
1496534400,2017-06-04T00:00:00,4.558971201994285,0.4867516026701429,1.8090307817434286,39.9639415566819,4.266864549006472,15.857963832762895
1496620800,2017-06-05T00:00:00,4.6981657683257145,0.5016131087518572,1.8642641324245715,41.184121125143214,4.39714051131878,16.342139384833793
1496707200,2017-06-06T00:00:00,4.670908079399999,0.498702863615,1.85344809606,40.945180224020405,4.371629302449089,16.24732601006196
1496793600,2017-06-07T00:00:00,4.763982730577142,0.5086402450155714,1.8903807507137143,41.76107261623923,4.4587403878064995,16.57107766075642
1496880000,2017-06-08T00:00:00,4.833727026222857,0.5160866942644285,1.9180557616062857,42.372451111869566,4.524015961921981,16.8136768062407
1496966400,2017-06-09T00:00:00,4.934787605331429,0.5268767161067143,1.9581572867811428,43.2583481483353,4.618601293391457,17.1652067759235
1497052800,2017-06-10T00:00:00,4.812692428079999,0.513840875218,1.9097090899919997,42.18806182454928,4.504329112160987,16.740509882869873
1497139200,2017-06-11T00:00:00,4.796527618337143,0.5121149930615714,1.9032947835377143,42.04636110234339,4.489200029177735,16.6842820724916
1497225600,2017-06-12T00:00:00,4.721236226794285,0.5040762922501428,1.8734186472634284,41.386356764078705,4.418732777864752,16.422387861911215
1497312000,2017-06-13T00:00:00,4.676947404582856,0.4993476694454285,1.8558445413702855,40.99812094857332,4.377281670358626,16.268333249651924
1497398400,2017-06-14T00:00:00,4.5662246927485715,0.48752604236128566,1.8119090162108573,40.027525656633976,4.27365328733903,15.883194436104375
1497484800,2017-06-15T00:00:00,4.513078368617142,0.4818517230245714,1.7908201933097145,39.561644979297874,4.223912204033392,15.698329814552954
1497571200,2017-06-16T00:00:00,4.499792115737143,0.4804331782265714,1.7855481177977144,39.445177686551794,4.2114772403341245,15.652114800614765
1497657600,2017-06-17T00:00:00,4.519441908822857,0.48253114459942853,1.7933452893462858,39.617427772741166,4.22986801355859,15.72046480640954
1497744000,2017-06-18T00:00:00,4.546175865788571,0.48538547199528564,1.8039535053068572,39.85177763950262,4.254889047510675,15.81345642751991
1497830400,2017-06-19T00:00:00,4.596343874588571,0.49074180297528563,1.823860512426857,40.29155040464342,4.301842644881354,15.987961251933829
1497916800,2017-06-20T00:00:00,4.612716076937142,0.49248982799657137,1.8303571136777141,40.43506913043099,4.3171658322179445,16.04491045849884
1498003200,2017-06-21T00:00:00,4.6428037561028574,0.4957022251374285,1.8422961094182855,40.69881772599764,4.345325705554698,16.14956769516069
1498089600,2017-06-22T00:00:00,4.610671028331429,0.49227148253171427,1.8295456244811426,40.4171422343533,4.315251815873007,16.0377969442017
1498176000,2017-06-23T00:00:00,4.698205146668571,0.5016173130932857,1.864279758018857,41.184466315696696,4.397177366575742,16.342276358793303
1498262400,2017-06-24T00:00:00,4.732077084582857,0.5052337474454286,1.8777203733702856,41.481387723453324,4.428879030106627,16.460096792963924
1498348800,2017-06-25T00:00:00,4.62526858002857,0.4938300318992857,1.8353380322828572,40.54510437253045,4.328914059629138,16.088573190991525
1498435200,2017-06-26T00:00:00,4.583473719531428,0.4893676840517143,1.8187535473611427,40.178730625412506,4.289797118397327,15.943193596167777
1498521600,2017-06-27T00:00:00,4.550965584891428,0.4858968600577143,1.805854098425143,39.893764317158265,4.2593718752659235,15.8301170267948
1498608000,2017-06-28T00:00:00,4.629911286651428,0.49432572375371425,1.8371802898491427,40.58580233878642,4.333259294425059,16.104722420817584
1498694400,2017-06-29T00:00:00,4.541678859034286,0.48490533620414283,1.8021690624394286,39.81235687829455,4.250680177165516,15.797814001344028
1498780800,2017-06-30T00:00:00,4.513814743628571,0.48193034420928565,1.791112391922857,39.568100042648055,4.224601397338598,15.700891227595763
1498867200,2017-07-01T00:00:00,4.59736508628,0.49085083556299997,1.824265736172,40.300502346330475,4.302798424545258,15.99151344328375
1498953600,2017-07-02T00:00:00,4.900132038394285,0.5231766153601428,1.9444057221034285,42.9545574485643,4.586166210247013,17.044660559958654
1499040000,2017-07-03T00:00:00,5.026789852971428,0.5366995992757142,1.9946644044171429,44.06483985114754,4.704708687250911,17.48522816912067
1499126400,2017-07-04T00:00:00,5.1259222058914276,0.5472837485327142,2.0340007963251425,44.93383405684426,4.797489339637773,17.8300509805862
1499212800,2017-07-05T00:00:00,5.085817988914286,0.5430019070771428,2.0180871702514285,44.58228049082262,4.759954717438234,17.69055213442402
1499299200,2017-07-06T00:00:00,5.185168235331427,0.5536093203567142,2.0575100237811426,45.4531847509153,4.852939302246957,18.036132868465497
1499385600,2017-07-07T00:00:00,5.154371745994285,0.5503212450701428,2.0452897673434287,45.1832227253859,4.824116034284872,17.92901010053249
1499472000,2017-07-08T00:00:00,5.155784115891429,0.5504720407827143,2.045850205325143,45.19560355990426,4.825437909501273,17.9339228998802
1499558400,2017-07-09T00:00:00,4.924583364085714,0.5257872310978571,1.9541081744485713,43.16889776957537,4.609050867803815,17.129712257216177
1499644800,2017-07-10T00:00:00,5.049432400114285,0.5391170955971428,2.0036491211314287,44.26332441940183,4.725900460004554,17.5639881958381
1499731200,2017-07-11T00:00:00,5.141912438314286,0.5489909914421428,2.0403458293114283,45.074004434263024,4.812455030981824,17.88567153974398
1499817600,2017-07-12T00:00:00,5.271384491794286,0.5628144456251428,2.0917212207634286,46.20895645506871,4.933631430350002,18.336028221212214
1499904000,2017-07-13T00:00:00,5.340744192291429,0.5702198324727142,2.119243621685143,46.81696358962667,4.998547051455813,18.577289587691958
1499990400,2017-07-14T00:00:00,5.350422076354286,0.5712531194511429,2.1230838719074283,46.901799921321675,5.007604845108718,18.610953221140516
1500076800,2017-07-15T00:00:00,5.25415121634857,0.5609744856712856,2.084882939850857,46.05788956251158,4.917502341394489,18.27608385073261
1500163200,2017-07-16T00:00:00,5.4717126228,0.5842030516300001,2.17121278572,47.9650328514648,5.12112395058858,19.032851279621518
1500249600,2017-07-17T00:00:00,5.079100861422857,0.5698962383274286,2.0170668497217856,44.52339815123276,4.995710425178238,17.681608004661175
1500336000,2017-07-18T00:00:00,4.857002967342857,0.5769663990184286,1.9307709369912858,42.576488011727484,5.057687453795545,16.92513803366561
1500422400,2017-07-19T00:00:00,4.5603744468,0.5730940604179999,1.8147229183379998,39.9762424006488,5.023742533624188,15.907861102150907
1500508800,2017-07-20T00:00:00,4.40175403752,0.586381881503,1.7535819569565,38.585775892900315,5.140223573255298,15.37189943468068
1500595200,2017-07-21T00:00:00,4.247055217954285,0.5985959137871429,1.6939081872334287,37.229686040587275,5.247291780258094,14.848799169288233
1500681600,2017-07-22T00:00:00,4.140709873354285,0.6170919328891429,1.6534880980129287,36.29746274982367,5.409427883706227,14.494476667181333
1500768000,2017-07-23T00:00:00,3.8874052930628573,0.6221361615904285,1.5548869672167858,34.07699479898901,5.4536455925016964,13.630139154622343
1500854400,2017-07-24T00:00:00,3.992469874971429,0.6389505842657143,1.596910768907143,34.997990923999545,5.6010408216732515,13.998519800240015
1500940800,2017-07-25T00:00:00,3.9329333661257144,0.629422425430857,1.5730973163085715,34.47609388745801,5.517516981326894,13.789771074760937
1501027200,2017-07-26T00:00:00,3.92592958608,0.628301548006,1.570295939685,34.41469875157728,5.507691369820597,13.765214207278712
1501113600,2017-07-27T00:00:00,3.920460893108572,0.6274263442652857,1.5681085682153573,34.366760188989744,5.500019333829494,13.74603970897582
1501200000,2017-07-28T00:00:00,3.942819922354286,0.6310046592551428,1.5770517476764285,34.56275943935767,5.531386843030583,13.824435620131576
1501286400,2017-07-29T00:00:00,3.9703779316114294,0.6354150134137143,1.588074418637143,34.80433294850579,5.570048007584619,13.921060353773195
1501372800,2017-07-30T00:00:00,3.9184643166514284,0.6271068143167142,1.567309976229643,34.349258199766425,5.497218334300318,13.73903925162905
1501459200,2017-07-31T00:00:00,3.8380486970742855,0.6142371850591429,1.5351452829664287,33.64433487855319,5.384403164228446,13.457083550483713
1501545600,2017-08-01T00:00:00,3.8776763612914285,0.6205791538147143,1.5509955825846429,33.991710983080665,5.439996862339784,13.59602727693698
1501632000,2017-08-02T00:00:00,3.932039285177143,0.6292793376775714,1.5529628990346431,34.46825637386284,5.51626267408159,13.613272772937679
1501718400,2017-08-03T00:00:00,3.886914905862857,0.6220576805504285,1.5169587474132145,34.07269606479381,5.452957627705056,13.297660379824237
1501804800,2017-08-04T00:00:00,3.9955085242285717,0.6394368864242858,1.5371043078875,35.02462772338766,5.605303746395288,13.474256362941826
1501891200,2017-08-05T00:00:00,4.070401157965714,0.6514226229688571,1.544030335877857,35.68113655072745,5.710370712945001,13.534969924305296
1501977600,2017-08-06T00:00:00,4.044189086434286,0.6472276712361429,1.5153305318917856,35.451361531682956,5.6735977660560275,13.283387442563393
1502064000,2017-08-07T00:00:00,4.074146490205715,0.6520220219118571,1.5074059767328571,35.7139681331433,5.7156250440793395,13.213920792040227
1502150400,2017-08-08T00:00:00,4.130315965508571,0.6610113243202856,1.5085345283171432,36.20634975364814,5.794425268991625,13.223813675228074
1502236800,2017-08-09T00:00:00,4.362860047388572,0.6555186325332857,1.5859269434119045,38.244831175408216,5.746276332786783,13.902235585948757
1502323200,2017-08-10T00:00:00,4.653334677274286,0.6590037512881429,1.6844258110061905,40.79113178098639,5.776826883791861,14.765676659280265
1502409600,2017-08-11T00:00:00,4.850521447731429,0.6443500798177143,1.748286114624762,42.5196710108137,5.648372799682083,15.325476080800664
1502496000,2017-08-12T00:00:00,5.000979716228571,0.6251062485202857,1.7955894991780954,43.83858819245966,5.479681374528825,15.740137549795184
1502582400,2017-08-13T00:00:00,5.3683033425257145,0.6363974278608572,1.9213630318561907,47.05854710058041,5.578659852628275,16.842668337251364
1502668800,2017-08-14T00:00:00,5.578511576502857,0.6283204675424285,1.9907724768538095,48.90123247962405,5.5078572184769286,17.451111532100494
1502755200,2017-08-15T00:00:00,5.880059475171428,0.6278013715207142,2.0922957998119047,51.54460135935274,5.503306822750581,18.34106498115116
1502841600,2017-08-16T00:00:00,5.861468959508571,0.6258165019322857,2.0856807548447622,51.38163689905213,5.485907455938416,18.283077496969184
1502928000,2017-08-17T00:00:00,6.132554722182856,0.6547597489054285,2.182140936077143,53.757974694654926,5.7396239589049864,19.128647445652238
1503014400,2017-08-18T00:00:00,6.162675216634285,0.6579756496641428,2.1928586820957148,54.02201094901614,5.767814544955876,19.222599207251033
1503100800,2017-08-19T00:00:00,6.259061586445715,0.6682666161788571,2.227155749594286,54.86693386678313,5.858025157423861,19.523247300943513
1503187200,2017-08-20T00:00:00,6.1506267563314285,0.6566892613317143,2.1885714902752382,53.9163941460013,5.756538064833807,19.18501768375274
1503273600,2017-08-21T00:00:00,6.060265272977142,0.6470415590555714,2.1564182522195243,53.12428538291764,5.671966306681139,18.903162398956347
1503360000,2017-08-22T00:00:00,5.6807459927999995,0.6065210973799999,2.0213742787333335,49.7974193728848,5.31676393963308,17.719366927376402
1503446400,2017-08-23T00:00:00,5.855445385662857,0.6251733778384285,2.083537392467143,51.328834250720604,5.4802698301316655,18.26428878236698
1503532800,2017-08-24T00:00:00,5.363600695097142,0.5726601723825714,1.9085247782961907,47.01732369322155,5.019939071105621,16.730128206544407
1503619200,2017-08-25T00:00:00,5.051336999297142,0.5393204455775714,1.797412293479524,44.280020135838754,4.727683025932991,15.756116164641508
1503705600,2017-08-26T00:00:00,4.750205561022857,0.5071692860944286,1.690260988947143,41.64030194792637,4.445845961903761,14.816827829110656
1503792000,2017-08-27T00:00:00,4.865349148148572,0.5194629205762856,1.7312324186980954,42.64965063267037,4.55361196177172,15.175983382307505
1503878400,2017-08-28T00:00:00,4.920174302297142,0.5253164850025714,1.7507407995628572,43.13024793393675,4.604924307532541,15.346993848968008
1503964800,2017-08-29T00:00:00,5.2475343421371425,0.5602680161665714,1.8672250016828573,45.99988604317419,4.911309429716165,16.36809436475193
1504051200,2017-08-30T00:00:00,5.263317181954285,0.5619531162111427,1.8728409941057145,46.13823841701127,4.9260810167068785,16.417324154330693
1504137600,2017-08-31T00:00:00,5.621485524634285,0.6001939839641428,2.000287684429048,49.27794210894415,5.261300463429676,17.534521841705033
1504224000,2017-09-01T00:00:00,6.044545438508571,0.6453631859572857,2.1508246789280956,52.986485313966135,5.657253688101567,18.85412913548368
1504310400,2017-09-02T00:00:00,6.386471527371428,0.6818699030157143,2.2433024748828574,55.983809408937944,5.977271569835751,19.66478949482313
1504396800,2017-09-03T00:00:00,6.380675035302858,0.6812510239574285,2.2138303579228573,55.93299735946484,5.9718464760108185,19.406436917551765
1504483200,2017-09-04T00:00:00,6.647261165999999,0.70971385485,2.2775421993133333,58.269891381156,6.2213516516151,19.964934919180678
1504569600,2017-09-05T00:00:00,6.925437655611428,0.7394141635697142,2.3414625642571427,60.708386489089776,6.481704557852114,20.525260838278115
1504656000,2017-09-06T00:00:00,6.907800095845714,0.7375310390438571,2.3058269403557143,60.553775640183524,6.465197088258451,20.21287895915819
1504742400,2017-09-07T00:00:00,7.022820297497143,0.7498114999225715,2.314210563018095,61.56204272785994,6.57284760832126,20.286369795416622
1504828800,2017-09-08T00:00:00,7.068071263885714,0.7546428488028571,2.2979531799714286,61.95871269922217,6.615199212605845,20.143857575629543
1504915200,2017-09-09T00:00:00,7.135149645719999,0.761804664137,2.31976153123,62.546721794381504,6.677979685824942,20.335029582762182
1505001600,2017-09-10T00:00:00,7.073538290485714,0.7552265515378572,2.2997306056214284,62.00663665439777,6.620315950780856,20.15943848887744
1505088000,2017-09-11T00:00:00,7.1069731287942846,0.7587963177001428,2.3106008543985714,62.2997264470107,6.651608520959452,20.254727089657877
1505174400,2017-09-12T00:00:00,7.097200736708571,0.7577529403022857,2.3074236793771425,62.21406165798733,6.642462274689836,20.226875973420032
1505260800,2017-09-13T00:00:00,7.285173256337141,0.7778223641115715,2.368536822284286,63.861828765051385,6.818390843802035,20.762593784144048
1505347200,2017-09-14T00:00:00,7.273131359091428,0.7765366765027142,2.3646217915728576,63.75626949379546,6.807120506222794,20.728274624927668
1505433600,2017-09-15T00:00:00,7.303234789594285,0.7797507553801427,2.3744089415985714,64.0201561655835,6.835295121662332,20.814068782053077
1505520000,2017-09-16T00:00:00,7.303234789594286,0.7797507553801429,2.3744089415985714,64.02015616558351,6.835295121662332,20.814068782053077
1505606400,2017-09-17T00:00:00,7.532025586817142,0.8041782593695713,2.448792818104286,66.02573629403908,7.049426621633662,21.46611784350217
1505692800,2017-09-18T00:00:00,7.362223547194285,0.7860488588401429,2.3935872149985715,64.53725161470511,6.890504296592693,20.982185526677476
1505779200,2017-09-19T00:00:00,7.353469741577142,0.7851142337405713,2.3907412001942854,64.46051575466524,6.882311372969849,20.95723736090311
1505865600,2017-09-20T00:00:00,7.05188413974857,0.7529145841862857,2.292690463737143,61.81681636903597,6.600049244976979,20.097724605119797
1505952000,2017-09-21T00:00:00,7.271414463342857,0.7763533672164284,2.364063598835714,63.74121918566349,6.805513617019213,20.72338150739387
1506038400,2017-09-22T00:00:00,7.18843116882857,0.7674934183792856,2.337084283207143,63.01378762595125,6.727847305512818,20.486880826593815
1506124800,2017-09-23T00:00:00,7.366069498679999,0.7864594828529999,2.3948376008700003,64.57096522542886,6.894103826689397,20.993146409226423
1506211200,2017-09-24T00:00:00,7.350366728159999,0.784782931636,2.3897323564399997,64.43331473905054,6.879407178721175,20.94839383655304
1506297600,2017-09-25T00:00:00,7.372513108182856,0.7871474532554286,2.396932530645714,64.62744990633092,6.900134575237087,21.011510563640332
1506384000,2017-09-26T00:00:00,7.242917669228571,0.7733108254692856,2.354798794307143,63.49141628845765,6.778842696063758,20.642166230896414
1506470400,2017-09-27T00:00:00,7.458909192411428,0.7963717783497142,2.425021403702857,65.38479798067858,6.980995009013595,21.257737624859242
1506556800,2017-09-28T00:00:00,7.466108866097143,0.7971404721075714,2.4273621431242858,65.44791032020755,6.987733378494971,21.27825654662749
1506643200,2017-09-29T00:00:00,7.68210038928,0.8202014249880001,2.4975847525200003,67.34129201242847,7.1898856914448075,21.893827940590317
1506729600,2017-09-30T00:00:00,7.48050821346857,0.7986778596232857,2.4320436219671424,65.5741349992655,7.001210117457722,21.319294390163975
1506816000,2017-10-01T00:00:00,7.372913454668571,0.7871901973932857,2.3970626902671426,64.6309593436247,6.900509270349543,21.012651542881773
1506902400,2017-10-02T00:00:00,7.5729344346,0.808546009535,2.46209299765,66.38434325370359,7.087714319583809,21.5827072173999
1506988800,2017-10-03T00:00:00,7.921360575257142,0.8457467232185714,2.5753724098142854,69.43864680270411,7.413815775733996,22.575714544432028
1507075200,2017-10-04T00:00:00,7.8456557111142855,0.8376638768221428,2.5507594387785715,68.77501796362783,7.342961544222904,22.35995724033296
1507161600,2017-10-05T00:00:00,7.487959908548571,0.7994734611662857,2.434466297937143,65.63945655833678,7.008184360583661,21.340531567716994
1507248000,2017-10-06T00:00:00,7.437192036325714,0.794053084051857,2.4179607776814285,65.19442539043122,6.960669334798579,21.195844177155404
1507334400,2017-10-07T00:00:00,7.602281800920001,0.8116793650569999,2.47163433803,66.64160226686472,7.115181314089662,21.666346607170983
1507420800,2017-10-08T00:00:00,8.000567486691429,0.8542034757127143,2.6011239574728573,70.13297458833706,7.487947668097653,22.80145261120706
1507507200,2017-10-09T00:00:00,8.081234022034286,0.8628160691291428,2.6273500543085717,70.84009743715254,7.563445661986066,23.031350576068938
1507593600,2017-10-10T00:00:00,7.912564766074285,0.8448076134881429,2.5725127389185714,69.36154273940717,7.4055835398370595,22.550646669360194
1507680000,2017-10-11T00:00:00,7.94923125372,0.8487224159369999,2.58443365323,69.68296117010951,7.439900698103742,22.65514540421418
1507766400,2017-10-12T00:00:00,8.154563059491428,0.8706452535927143,2.6511906026728567,71.48289977950186,7.632076292993732,23.24033682303027
1507852800,2017-10-13T00:00:00,7.985899053977142,0.8526373585305713,2.5963549942942854,70.00439110716363,7.474219084878989,22.75964787998371
1507939200,2017-10-14T00:00:00,7.86123378354857,0.8393271142912856,2.555824141687143,68.91157534658677,7.3575414838774105,22.404354426029496
1508025600,2017-10-15T00:00:00,8.034130960919999,0.8577869760569999,2.6120360280300003,70.42719200342472,7.519360632115662,22.897107821710982
1508112000,2017-10-16T00:00:00,8.212268083114285,0.8768062955221428,2.6699515117785717,71.98874201657983,7.686083986547104,23.404794952250956
1508198400,2017-10-17T00:00:00,8.319642323194286,0.8882704134401428,2.704860748998571,72.9299846051211,7.786578444216292,23.710809325721478
1508284800,2017-10-18T00:00:00,8.479497393411426,0.9053377973247143,2.756832418952857,74.33127415064459,7.936191131348446,24.166392984540746
1508371200,2017-10-19T00:00:00,8.747527396679999,0.9339547874029999,2.8439736453699997,76.68082515929689,8.187047666374697,24.930272975313418
1508457600,2017-10-20T00:00:00,9.148032708377142,0.9767158827705715,2.974184903894286,80.19165472163402,8.56189142836683,26.07170486753731
1508544000,2017-10-21T00:00:00,9.308839421879998,0.993884871573,3.02646596967,81.60128637220008,8.712394784208916,26.53000069012722
1508630400,2017-10-22T00:00:00,9.222548346565715,0.984671758055857,2.998411236841428,80.84485880599505,8.631632631117643,26.284072902151962
1508716800,2017-10-23T00:00:00,9.199118232565713,0.9821701749058571,2.9907936983414287,80.63947042667105,8.609703753224744,26.21729755966096
1508803200,2017-10-24T00:00:00,9.222545721342856,0.9846714777664286,2.998410383335714,80.84483579329148,8.631630174100513,26.284065420320868
1508889600,2017-10-25T00:00:00,9.488056823279999,1.0130195301379998,3.0847326710200003,83.17230611287248,8.880129201189707,27.040766594161315
1508976000,2017-10-26T00:00:00,9.555472546251426,1.0202173626637143,3.106650697762857,83.76327234044003,8.94322540111012,27.232900016589205
1509062400,2017-10-27T00:00:00,9.143547515125714,0.9762370082818571,2.9727266893814286,80.15233751759202,8.557693614598758,26.0589221591176
1509148800,2017-10-28T00:00:00,8.754539366931429,0.9347034404667143,2.846253359132857,76.74229209052089,8.193610359131217,24.950256946158625
1509235200,2017-10-29T00:00:00,8.793169521274285,0.9388278994081428,2.8588126957185716,77.08092402349038,8.22976536621178,25.060352090668996
1509321600,2017-10-30T00:00:00,8.85134445978857,0.9450391131452857,2.877726382347143,77.59088553450661,8.284212865831574,25.226149467655056
1509408000,2017-10-31T00:00:00,8.855439807445714,0.945476364653857,2.879057851261429,77.62678535206912,8.288045812555712,25.237821124157684
1509494400,2017-11-01T00:00:00,8.889607082931429,0.9491243315667143,2.8901662281328577,77.92629568897691,8.320023890513818,25.33519715581263
1509580800,2017-11-02T00:00:00,8.854153448245713,0.9453390228338572,2.878639633461429,77.61550912732193,8.286841874161592,25.23415502692288
1509667200,2017-11-03T00:00:00,8.996351269525714,0.960521180021857,2.924870623981429,78.8620152286624,8.4199286640716,25.639415889821205
1509753600,2017-11-04T00:00:00,9.422943420754285,1.0060675114411428,3.0635631687885714,82.60152202633208,8.819187805293058,26.855194737600616
1509840000,2017-11-05T00:00:00,9.29971545984,0.992910725664,3.0234996105600005,81.52130572095744,8.703855421170624,26.503997586168964
1509926400,2017-11-06T00:00:00,9.166997318297144,0.9787406936025713,2.9803506291742856,80.35789849219275,8.579640920120141,26.12575361534179
1510012800,2017-11-07T00:00:00,9.337635491399999,0.996959366315,3.03582807385,81.8537127176124,8.73934580511729,26.612068895369102
1510099200,2017-11-08T00:00:00,9.223871458885712,0.9848130239278571,2.9988414037214284,80.85645720859216,8.632870967751595,26.28784374502204
1510185600,2017-11-09T00:00:00,9.252302622428571,0.9878485584392857,3.0080848706071426,81.10568478820883,8.65948046327878,26.368871975742216
1510272000,2017-11-10T00:00:00,9.23582016072,0.986088761262,3.00272613498,80.9611995288715,8.644054081222691,26.321897299234678
1510358400,2017-11-11T00:00:00,8.715674255142856,0.9305538956214285,2.833617633785714,76.40160052058228,8.157235449017442,24.83949217776557
1510444800,2017-11-12T00:00:00,8.091246622011429,0.8638850930097143,2.6306053251028567,70.92786788855219,7.572816725323155,23.059886279851646
1510531200,2017-11-13T00:00:00,8.076835461137142,0.8623464441915714,2.6259200054842857,70.80153965232819,7.559328929783314,23.01881476807525
1510617600,2017-11-14T00:00:00,7.737551659079999,0.826121838443,2.51561292697,67.82737784349527,7.241784035791339,22.051862917819022
1510704000,2017-11-15T00:00:00,7.72569877788,0.824856331673,2.51175934867,67.72347548689608,7.230690603445518,22.01808245044122
1510790400,2017-11-16T00:00:00,7.628526153822857,0.8144814184744285,2.4801668346557144,66.87166026441116,7.13974411434684,21.741142472591992
1510876800,2017-11-17T00:00:00,8.003691501891428,0.8545370201327142,2.6021396292728576,70.16035970558026,7.490871518483374,22.810355990205867
1510963200,2017-11-18T00:00:00,8.50225413774857,0.9077674862362857,2.7642310332371425,74.53075977150398,7.95748978434728,24.231249237356796
1511049600,2017-11-19T00:00:00,9.214482349337143,0.9838105687865715,2.9957888405342854,80.77415227428938,8.624083445983086,26.26108497612355
1511136000,2017-11-20T00:00:00,9.526081863754285,1.0170793823661428,3.0970952745385714,83.50563361767006,8.915717865821609,27.149137176605116
1511222400,2017-11-21T00:00:00,9.926717123982858,1.0598543520604287,3.227348781595714,87.01760230883373,9.290683250161717,28.29093941946803
1511308800,2017-11-22T00:00:00,9.891105975925715,1.056052225961857,3.215770976581428,86.7054349849648,9.25735381278164,28.189448380712804
1511395200,2017-11-23T00:00:00,9.935616629468571,1.0608045332232856,3.230242165967143,87.0956153739215,9.299012538235322,28.316302826867975
1511481600,2017-11-24T00:00:00,9.77240652444,1.0433789394489998,3.17717971571,85.66491559324105,9.146259783209933,27.85115738791386
1511568000,2017-11-25T00:00:00,9.932727571714285,1.0604960747071428,3.2293028829285713,87.07028989364743,9.296308590882814,28.308069071751852
1511654400,2017-11-26T00:00:00,9.853012679657143,1.0519850862085713,3.203386181914286,86.37150914987451,9.221701265704336,28.080883270660628
1511740800,2017-11-27T00:00:00,9.789180385885713,1.0451698487528571,3.1826331904714285,85.81195526267416,9.161958894167544,27.898962547672543
1511827200,2017-11-28T00:00:00,9.620089781657143,1.0271164066585714,3.127658887414286,84.3297070260065,9.003702420769036,27.41705780707363
1511913600,2017-11-29T00:00:00,9.822993256285713,1.0487799765928572,3.1936263440714288,86.10835888460056,9.193605274812983,27.99532853213014
1512000000,2017-11-30T00:00:00,9.893047328228572,1.0562594999942856,3.2164021440571426,86.72245287925166,9.259170776949906,28.194981194804914
1512086400,2017-12-01T00:00:00,10.177897134342857,1.0866723044414284,3.309011781585714,89.21944627964947,9.525769420733562,29.00679727738037
1512172800,2017-12-02T00:00:00,10.221843364971429,1.0913643494757141,3.293449802814286,89.60467893733953,9.56689988750411,28.87038097147003
1512259200,2017-12-03T00:00:00,10.423998651085714,1.112948036922857,3.3265433058,91.37677217541737,9.756102491665766,29.1604786186428
1512345600,2017-12-04T00:00:00,10.5206724828,1.1232696951299999,3.324415935814286,92.22421498422479,9.84658214750958,29.14183009334803
1512432000,2017-12-05T00:00:00,10.714033272342856,1.1439144129914285,3.3542794446857145,93.91921566535747,10.02755374428286,29.403613612114974
1512518400,2017-12-06T00:00:00,10.9286321148,1.16682667233,3.387448023614286,95.80038911833678,10.228402609644778,29.694369375002832
1512604800,2017-12-07T00:00:00,11.038694583085714,1.178577806622857,3.3899473727428573,96.76519671532935,10.331413052855964,29.716278669463886
1512691200,2017-12-08T00:00:00,11.049654888514285,1.1797480149871427,3.359351091642857,96.86127475271621,10.341671099377294,29.448071669341292
1512777600,2017-12-09T00:00:00,11.440826220342856,1.2215125412914285,3.478276239428572,100.29028264752547,10.707778936960663,30.490569514830863
1512864000,2017-12-10T00:00:00,11.596357548514286,1.238118288487143,3.5255613666428576,101.65367027027624,10.853344916878294,30.905070939991294
1512950400,2017-12-11T00:00:00,11.780608814742857,1.2577904020314286,3.5815780204285717,103.26881687003588,11.025790664207502,31.39611292707686
1513036800,2017-12-12T00:00:00,11.8355153508,1.26365265543,3.5982708795000002,103.7501275651128,11.077179177499378,31.542442529697006
1513123200,2017-12-13T00:00:00,12.031186336457141,1.2845440279885714,3.6577593925714287,105.46537942538332,11.260312949347817,32.06391883528115
1513209600,2017-12-14T00:00:00,12.373738540971429,1.3211175940757143,3.7619031992142857,108.46819205015554,11.58091682966771,32.97684344431243
1513296000,2017-12-15T00:00:00,12.508688121942855,1.3355258721514285,3.8029309984285717,109.65116007695109,11.707219795279423,33.33649313222486
1513382400,2017-12-16T00:00:00,12.477552978857144,1.3322016395285714,3.7934651935714285,109.37822941266172,11.678079572107455,33.25351588684715
1513468800,2017-12-17T00:00:00,12.695538358799999,1.3554754722299998,3.8597377995,111.2890892532408,11.882097989568178,33.834461550417004
1513555200,2017-12-18T00:00:00,12.96992665182857,1.3847713233042858,3.9431581977857144,113.69437702992926,12.138905420085367,34.56572476178958
1513641600,2017-12-19T00:00:00,13.061638812342855,1.3945632344914285,3.971040819428571,114.4983258289975,12.224741313551862,34.81014382311086
1513728000,2017-12-20T00:00:00,12.793039135714285,1.3658854216071425,3.8893802946428577,112.14378106367141,11.973351605808213,34.09430766283929
1513814400,2017-12-21T00:00:00,12.485940565885713,1.3330971642528568,3.7960152143571437,109.45175500055416,11.685929741840544,33.27586936905472
1513900800,2017-12-22T00:00:00,12.626022457542856,1.3480534081614284,3.838603354928572,110.67971286282068,11.817036175943082,33.64919700930386
1513987200,2017-12-23T00:00:00,12.549785985771427,1.339913803155714,3.8154257012142865,110.01142395127233,11.74568439846299,33.44602169684443
1514073600,2017-12-24T00:00:00,12.487121916171429,1.333223294495714,3.7963743722142866,109.46211071715872,11.68703539954943,33.279017746830434
1514160000,2017-12-25T00:00:00,12.087615501771428,1.2905688492557144,3.6749151662142863,105.96003748852833,11.313126532575591,32.21430634703443
1514246400,2017-12-26T00:00:00,12.112056326571428,1.2931783438357143,3.6823457432142868,106.17428575872512,11.33600136206387,32.27944278501643
1514332800,2017-12-27T00:00:00,12.356503952914283,1.3192774939771428,3.7566634851428575,108.31711365124661,11.564786512203634,32.930912110762286
1514419200,2017-12-28T00:00:00,12.564277215942855,1.3414610008014285,3.8198313709285716,110.13845407495508,11.759247133025323,33.48464179755986
1514505600,2017-12-29T00:00:00,12.686507592171427,1.3545112765957141,3.856992237214286,111.20992555297474,11.873645850638031,33.81039395142043
1514592000,2017-12-30T00:00:00,12.784284017485714,1.3649506563628573,3.8867185358571428,112.06703369727977,11.965157453676806,34.07097468532372
1514678400,2017-12-31T00:00:00,12.918734806114285,1.3793056794471428,3.927594690642857,113.24562931039782,12.090993586033653,34.42929505817529
1514764800,2018-01-01T00:00:00,13.22765790582857,1.4122887379542857,4.021514470285714,115.95364920249325,12.380123076907267,35.25259584652458
1514851200,2018-01-02T00:00:00,13.646840365542857,1.4570439524614283,4.036843196631869,119.62820264434868,12.772447287276881,35.386967461674956
1514937600,2018-01-03T00:00:00,13.718508949542855,1.4646958538614285,3.9556980472912087,120.25644945169267,12.839523854949283,34.675649082554735
1515024000,2018-01-04T00:00:00,14.014332187199999,1.4962802681199998,3.935489657120879,122.84963595299519,13.116392830339919,34.49850233432163
1515110400,2018-01-05T00:00:00,13.799588957485712,1.4733525928628572,3.77644775756044,120.96719680131976,12.915408829035803,33.10434104277481
1515196800,2018-01-06T00:00:00,14.11986614605714,1.5075479031485712,3.763673935032967,123.77474663633689,13.215164919000376,32.99236571449899
1515283200,2018-01-07T00:00:00,14.168984065714284,1.5127921183571427,3.672394619505494,124.20531432005141,13.261135709518713,32.192211234585166
1515369600,2018-01-08T00:00:00,14.301807216171426,1.5269733619957144,3.6039410400714287,125.36964205695871,13.385448491254433,31.59214715726614
1515456000,2018-01-09T00:00:00,14.213612854285712,1.5175570386428572,3.581716766208791,124.59653028066857,13.302905000743285,31.397329172586264
1515542400,2018-01-10T00:00:00,14.327022481714284,1.529665541957143,3.6102950853296703,125.59067907470741,13.409048140796314,31.647846717999894
1515628800,2018-01-11T00:00:00,14.642049224571426,1.5633002733857142,3.68967930510989,128.3522035025931,13.703890196499172,32.343728788593296
1515715200,2018-01-12T00:00:00,15.083073538457143,1.6103874959385713,3.800813905126373,132.2182226381153,14.116656789397519,33.31793469233779
1515801600,2018-01-13T00:00:00,15.050822675657143,1.6069441403085716,3.792686945626373,131.9355115748105,14.086472333944938,33.246693765360796
1515888000,2018-01-14T00:00:00,15.262704412457142,1.6295663000885714,3.8460794487802197,133.7928668795993,14.28477818657642,33.7147324480074
1515974400,2018-01-15T00:00:00,15.351489449485713,1.639045688562857,3.868452568054945,134.57115651419176,14.367874505942003,33.91085521156965
1516060800,2018-01-16T00:00:00,15.596317733142856,1.6651854806714286,3.9301473375274725,136.71732124873026,14.597015923565744,34.451671560765824
1516147200,2018-01-17T00:00:00,15.932228123828569,1.7010499145042854,4.014794069543956,139.66191173348125,14.911403550544568,35.19368481362232
1516233600,2018-01-18T00:00:00,16.015145787771427,1.7099028561057141,4.035688657725275,140.38876797560434,14.989008436622692,35.37684677361976
1516320000,2018-01-19T00:00:00,16.17078212485714,1.7265198148785714,4.074907769972527,141.7530761064977,15.134672697225556,35.72064151157918
1516406400,2018-01-20T00:00:00,16.673669815371426,1.7802120578157141,4.201631446148352,146.16138960154592,15.60533889881255,36.83150125693645
1516492800,2018-01-21T00:00:00,17.138846179542856,1.8298779431114285,4.3188521696813185,150.23912560987267,16.040710049314782,37.859058119426436
1516579200,2018-01-22T00:00:00,17.3859715332,1.85626298847,4.3811257824230765,152.40542646003118,16.27200135692802,38.404948608720694
1516665600,2018-01-23T00:00:00,17.647627495371427,1.8841994358157144,4.447060992302197,154.69910262442593,16.51689225436055,38.98293665852106
1516752000,2018-01-24T00:00:00,17.778468602571426,1.8981690609357145,4.480031904917582,155.84605577014113,16.639349988162472,39.27195967850753
1516838400,2018-01-25T00:00:00,17.812596499714285,1.9018128235071428,4.48863186206044,156.14522091649542,16.67129121086361,39.34734690282181
1516924800,2018-01-26T00:00:00,18.046740126342858,1.9268118376414285,4.547634183412088,158.19772394752144,16.890432568764762,39.864561251790356
1517011200,2018-01-27T00:00:00,18.125851217142856,1.9352583595714283,4.567569545604395,158.89121176947427,16.96447478000314,40.03931463676813
1517097600,2018-01-28T00:00:00,18.091119518742854,1.9315501304314284,4.558817435373626,158.58675370129984,16.931968443361903,39.9625936384852
1517184000,2018-01-29T00:00:00,18.17729245902857,1.9407506309242855,4.58053232715934,159.34214569584444,17.01262003068229,40.15294637987878
1517270400,2018-01-30T00:00:00,18.44079920331428,1.9688846823171426,4.646933919329671,161.65204581625304,17.259243125192075,40.735022736843895
1517356800,2018-01-31T00:00:00,17.869590087942857,1.9078979070014284,4.502993790489011,156.6448267109071,16.72463305277452,39.47324356742667
1517443200,2018-02-01T00:00:00,18.038221278171427,1.9259022984457144,4.545487501802198,158.12304772445074,16.88245954817513,39.84574344079806
1517529600,2018-02-02T00:00:00,18.259015646571427,1.9323499778557143,4.549893563020587,160.05853115784515,16.93897990588319,39.88436697343845
1517616000,2018-02-03T00:00:00,18.276000838457144,1.9180568006785716,4.505990900615165,160.20742334991533,16.813685914748355,39.49951623479253
1517702400,2018-02-04T00:00:00,18.615704676171426,1.9361807765557144,4.537311638226593,163.18526719131873,16.97256068728739,39.77407382069431
1517788800,2018-02-05T00:00:00,19.24414364982857,1.9844187959942856,4.6392566297136995,168.69416323439722,17.395415165685908,40.6677236160703
1517875200,2018-02-06T00:00:00,19.30928855502857,1.9739590713642858,4.60357560087011,169.26522347338044,17.303725219579327,40.354943717227385
1517961600,2018-02-07T00:00:00,19.96680187182857,2.0282869794442857,4.7217787197082055,175.02898520844926,17.779963661808612,41.391112256962124
1518048000,2018-02-08T00:00:00,19.706392890514284,1.9857360535771431,4.612040472746668,172.74624007824823,17.406962245657233,40.429146784097284
1518134400,2018-02-09T00:00:00,19.385131243371426,1.9533637752557145,4.53685310958,169.93006047939392,17.123186853891593,39.770054358578285
1518220800,2018-02-10T00:00:00,18.490941971999998,1.9532275405400001,4.405750108352925,162.09159732655198,17.121992620373643,38.62080544982175
1518307200,2018-02-11T00:00:00,17.357157907028572,1.9339814109442859,4.222946058608843,152.15284621301245,16.953281048337608,37.01834514976513
1518393600,2018-02-12T00:00:00,16.29218195657143,1.9311059325757145,4.064445430008708,142.81726703130514,16.928074604958713,35.62892863945633
1518480000,2018-02-13T00:00:00,15.44276729382857,1.948693437574286,3.9553009905978236,135.37129809770127,17.08224667377619,34.67216848358053
1518566400,2018-02-14T00:00:00,15.03793514537143,2.0205169087657144,3.9584053791842178,131.82253948432594,17.711851222240252,34.69938155392886
1518652800,2018-02-15T00:00:00,14.22002090537143,2.0205169087657144,3.83859383893932,124.65270325648596,17.711851222240252,33.649113592142086
1518739200,2018-02-16T00:00:00,13.652432189485713,2.062098918402857,3.7915807816408167,119.67722057303176,18.07635911871945,33.236997131863404
1518825600,2018-02-17T00:00:00,13.72751397257143,2.073439466485714,3.8124326446530614,120.33538748356115,18.175770363213772,33.41978456302875
1518912000,2018-02-18T00:00:00,13.86516390822857,2.0942304713042854,3.850661060175511,121.54202681953166,18.358024311453367,33.75489485349853
1518998400,2018-02-19T00:00:00,13.81510938617143,2.0866701059157142,3.8367598181673475,121.10324887917875,18.29175014845715,33.63303656605497
1519084800,2018-02-20T00:00:00,13.587377073257144,2.0522728241985715,3.773513544608164,119.10694742417213,17.99022357692468,33.078619732035165
1519171200,2018-02-21T00:00:00,13.559871605485714,2.0481183267028573,3.7658746710693882,118.86583449368779,17.953805251877245,33.01165736659426
1519257600,2018-02-22T00:00:00,13.87119742217143,2.0951417889657145,3.8523366997387756,121.59491660275475,18.366012922073452,33.76958350991011
1519344000,2018-02-23T00:00:00,13.844077258628573,2.0910454888242858,3.8448048336612253,121.35718124913807,18.330104755033688,33.703559171874296
1519430400,2018-02-24T00:00:00,13.877791378628572,2.0961377573242856,3.8541679865183673,121.65271922505806,18.37474358070469,33.78563656982001
1519516800,2018-02-25T00:00:00,14.089200803314286,2.128069587487143,3.9128810349020413,123.50593424185304,18.654658003912296,34.30031515195129
1519603200,2018-02-26T00:00:00,13.907871379200001,2.1006811189600003,3.8625218644571433,121.9164005100672,18.414570688803362,33.858866663831314
1519689600,2018-02-27T00:00:00,14.177987157257144,2.1414801096485716,3.937538958751021,124.28423542051611,18.772214641179378,34.51646651241145
1519776000,2018-02-28T00:00:00,13.994713698171429,2.113798009015714,3.88663988702449,122.67766027817075,18.529553347031754,34.07028524965668
1519862400,2018-03-01T00:00:00,14.204170330971428,2.1454348844057143,3.944810602138776,124.51375712129554,18.806882196700492,34.58020973834851
1519948800,2018-03-02T00:00:00,14.308903025828572,2.161253983434286,3.9993733664626276,125.43184392441326,18.945552418784953,35.05850693041139
1520035200,2018-03-03T00:00:00,14.767099808914285,2.230461219017143,4.156020239677934,129.44839692494264,19.552223045904274,36.43167342101677
1520121600,2018-03-04T00:00:00,14.466002068114289,2.184982631977143,4.096568475351786,126.80897412908985,19.15355775191163,35.91051925493376
1520208000,2018-03-05T00:00:00,14.723612972571429,2.2238928539857143,4.194352784201532,129.06719131756114,19.49464475803877,36.76769650631062
1520294400,2018-03-06T00:00:00,14.863574733600002,2.24503304293,4.261098632483674,130.2940961147376,19.67995965432438,37.35279061235188
1520380800,2018-03-07T00:00:00,15.083320740685716,2.2782240522128574,4.350181034795919,132.22038961285097,19.970912041697904,38.133686951021026
1520467200,2018-03-08T00:00:00,15.243782438057144,2.302460604938571,4.423692338734822,133.62699685200892,20.183369662891515,38.77808704134945
1520553600,2018-03-09T00:00:00,15.292864942628572,2.309874154274286,4.4379359098642865,134.05725408708207,20.24835683636839,38.902946185870334
1520640000,2018-03-10T00:00:00,14.941817762742858,2.2568510738514287,4.336063246271429,130.9799745082039,19.783556513381622,38.009930416815344
1520726400,2018-03-11T00:00:00,15.195908387657143,2.2952295836685717,4.409799456778572,133.20733292620253,20.119982530438698,38.656302038120955
1520812800,2018-03-12T00:00:00,15.398622196457143,2.3258480053585715,4.468626294972322,134.98432217414333,20.388383614973236,39.17197810172737
1520899200,2018-03-13T00:00:00,15.42727482,2.3301757722500005,4.47694118609375,135.23549107212003,20.4263208195435,39.24486643729781
1520985600,2018-03-14T00:00:00,15.241059037714288,2.302049255457143,4.422902017482143,133.60312352460343,20.179763773337317,38.77115908524846
1521072000,2018-03-15T00:00:00,14.983220453485716,2.263104644102857,4.3480781622928575,131.3429104952558,19.838375310205645,38.11525317065919
1521158400,2018-03-16T00:00:00,15.12646605737143,2.2847408332257144,4.389647535448215,132.59860145891795,20.028038144056612,38.47965029573904
1521244800,2018-03-17T00:00:00,15.255385349485715,2.304213138902857,4.427059463042857,133.72870797359178,20.19873237562245,38.80760325303369
1521331200,2018-03-18T00:00:00,15.290351708228572,2.3094945488042855,4.437206578033036,134.03522307433167,20.24502921481837,38.8965528630376
1521417600,2018-03-19T00:00:00,15.32041419497143,2.3140352651057143,4.4459306065232145,134.29875083311953,20.284833133916692,38.9730276967825
1521504000,2018-03-20T00:00:00,14.971407376114287,2.261320366127143,4.344650048563393,131.23935705901783,19.822734329470535,38.0852023257067
1521590400,2018-03-21T00:00:00,15.199761429942859,2.2958115572114286,4.410917596171429,133.24110869487907,20.125084110515385,38.66610364803875
1521676800,2018-03-22T00:00:00,15.29246212457143,2.3098133115857142,4.437819013473215,134.05372298399314,20.247823489360375,38.9019214721062
1521763200,2018-03-23T00:00:00,15.062549340000002,2.27508668575,4.37109912765625,132.03830751444,19.9434098872845,38.3170549530347
1521849600,2018-03-24T00:00:00,15.279571946742859,2.3078663455514286,4.434078328958929,133.9407276851479,20.230756385103824,38.86913063165397
1521936000,2018-03-25T00:00:00,15.0878042808,2.27890125779,4.37842802313125,132.2596923254928,19.976848425787143,38.38130005076854
1522022400,2018-03-26T00:00:00,15.012442276457145,2.267518384358571,4.356558233097322,131.59906899542332,19.87706615728724,38.189589471331125
1522108800,2018-03-27T00:00:00,15.389261055085715,2.3244340741828573,4.465909724492858,134.9022624088814,20.375989094286926,39.14816464490439
1522195200,2018-03-28T00:00:00,15.13302498617143,2.285731510915714,4.391550913641964,132.65609702877876,20.036722424687152,38.496335308985465
1522281600,2018-03-29T00:00:00,15.26867834537143,2.306220947625714,4.430917043948215,133.84523437552596,20.216332826887008,38.841418807250044
1522368000,2018-03-30T00:00:00,14.4913004868,2.3722432007285716,4.455784439674464,127.0307400672888,20.795083897586657,39.05940639818636
1522454400,2018-03-31T00:00:00,13.109673502628572,2.3084985804457143,4.252735396695239,114.91939792404206,20.236298556187133,37.27947848743047
1522540800,2018-04-01T00:00:00,12.31393696937143,2.3735089931842857,4.274679696200179,107.94397147350995,20.80617983425345,37.47184221689077
1522627200,2018-04-02T00:00:00,11.251427663314287,2.392145373227143,4.188372571571503,98.63001489661302,20.969546341709133,36.71527396239579
1522713600,2018-04-03T00:00:00,10.212549311142856,2.4223881574485717,4.118885504774234,89.52320726147828,21.234654588194182,36.10615033485094
1522800000,2018-04-04T00:00:00,9.30699713502857,2.4543980249728574,4.065317592273236,81.58513688566045,21.515253086912065,35.63657401386719
1522886400,2018-04-05T00:00:00,8.214346529999998,2.4684817847100002,3.9702635681213456,72.00696168197999,21.63871132476786,34.80333043815171
1522972800,2018-04-06T00:00:00,8.047171469999999,2.41824424129,3.867700367481177,70.54150510601998,21.19832901914814,33.90426142134
1523059200,2018-04-07T00:00:00,8.460223534285713,2.5423699393114285,4.045859577236191,74.16231950154857,22.286414888003982,35.46600505405245
1523145600,2018-04-08T00:00:00,8.457956798571429,2.5416887657328573,4.021483372675632,74.14244929627714,22.28044372041423,35.25232324487458
1523232000,2018-04-09T00:00:00,8.388819158571428,2.5209123102528572,3.9886106734756313,73.53638874403714,22.098317311676546,34.964161163687386
1523318400,2018-04-10T00:00:00,8.396504052857141,2.5232216870842854,3.992264590766387,73.6037545273457,22.11856130898085,34.99619140265815
1523404800,2018-04-11T00:00:00,8.50405296,2.5555410587200003,4.043400598211766,74.54652824735999,22.40187292073952,35.44444964392434
1523491200,2018-04-12T00:00:00,8.488687572857142,2.5509236277242855,4.036094856366388,74.41183526366571,22.361396520631086,35.38040751090775
1523577600,2018-04-13T00:00:00,8.696104894285712,2.6132543168314286,4.134715046702522,76.23005550330856,22.907787341344306,36.244912099394305
1523664000,2018-04-14T00:00:00,8.454836185714285,2.5407509947285716,4.019999622756303,74.11509400397142,22.272223219790657,35.239316693081754
1523750400,2018-04-15T00:00:00,8.587266368571427,2.5805474037228575,4.082965867569748,75.27597698689713,22.621078541034564,35.79127879511642
1523836800,2018-04-16T00:00:00,8.642438275714285,2.5971270363585717,4.109198315015127,75.7596139249114,22.766415600719235,36.0212324294226
1523923200,2018-04-17T00:00:00,8.743424652857142,2.6274743112842858,4.157214052884035,76.6448605069457,23.03243981271805,36.442138387581444
1524009600,2018-04-18T00:00:00,8.850656657142856,2.659698450885714,4.208199383327732,77.58485625651429,23.314916620464174,36.8890757942509
1524096000,2018-04-19T00:00:00,9.162867591428569,2.753520521997143,4.356645528289077,80.32169730646285,24.137360895826955,38.19035470098204
1524182400,2018-04-20T00:00:00,9.046163712857142,2.718450002704286,4.3011566296840344,79.2986711069057,23.82993272370577,37.70393901581024
1524268800,2018-04-21T00:00:00,9.240306325714284,2.7767915277085713,4.393465127838657,81.00052525121143,24.341354531893337,38.51311531063366
1524355200,2018-04-22T00:00:00,9.215108147142855,2.7692192583157147,4.381484213468908,80.77963801785428,24.274976018395552,38.40809061526845
1524441600,2018-04-23T00:00:00,9.315914065714283,2.7995123038885716,4.429414149156303,81.66330270005143,24.540524855887217,38.82824443150416
1524528000,2018-04-24T00:00:00,9.290711485714285,2.7919387118285712,4.41743114205042,81.44237688377143,24.474134747889256,38.72320139121399
1524614400,2018-04-25T00:00:00,8.979900205714284,2.6985372488685715,4.269650487179833,78.71780520329142,23.655377523581897,37.427756170618416
1524700800,2018-04-26T00:00:00,8.669088925714284,2.6051357859085718,4.121869832309245,75.99323352281144,22.836620299274532,36.132310950022834
1524787200,2018-04-27T00:00:00,8.745475718571427,2.628090674172857,4.1581892679226895,76.66284014899713,23.037842849799265,36.45068712261029
1524873600,2018-04-28T00:00:00,8.536245008571427,2.5652150462028573,4.05870687029916,74.82872374513714,22.48667509501425,35.578624425042435
1524960000,2018-04-29T00:00:00,8.582614058571426,2.579149344552857,4.0807538454756305,75.23519483743713,22.608823154350347,35.77188820943938
1525046400,2018-04-30T00:00:00,8.661386425714284,2.6028211184085714,4.118207544073949,75.92571340781141,22.816329923969537,36.100207331352244
1525132800,2018-05-01T00:00:00,8.716157802857142,2.619280388334286,4.144249552531093,76.40583929984571,22.960611884138352,36.328491577487554
1525219200,2018-05-02T00:00:00,8.91493952142857,2.5213434108614288,4.2034099986014,78.14835984484284,22.102096339611283,36.84709204773988
1525305600,2018-05-03T00:00:00,9.05931958285714,2.394669799114286,4.2339264485448185,79.4139954633257,20.991675459035832,37.11459924794388
1525392000,2018-05-04T00:00:00,9.046511425714284,2.2354008465057142,4.19298787532521,79.3017191578114,19.595523820469094,36.755731715100794
1525478400,2018-05-05T00:00:00,9.336917682857143,2.141346913734286,4.290409733795798,81.84742040792571,18.77104704579475,37.60973172645397
1525564800,2018-05-06T00:00:00,9.152119302857143,1.9315194394171429,4.167947882685715,80.2274778088457,16.931699405930676,36.53623113962297
1525651200,2018-05-07T00:00:00,9.108118221428569,1.749362256812857,4.109147831676751,79.84176432904285,15.334909543221508,36.0207898924784
1525737600,2018-05-08T00:00:00,8.940916752857142,1.5425707666014288,3.994547781033333,78.37607625554571,13.522175340028124,35.0162058485382
1525824000,2018-05-09T00:00:00,9.116916677142857,1.5729359232885718,4.073179550733333,79.91889159183428,13.788356303547618,35.7054919417284
1525910400,2018-05-10T00:00:00,9.143316445714285,1.5774906588228572,4.084974217866667,80.15031196313143,13.828283115241167,35.8088839938192
1525996800,2018-05-11T00:00:00,9.080098727142856,1.5665837454385716,4.0567303359,79.59614544213426,13.732673112514519,35.5612981244994
1526083200,2018-05-12T00:00:00,9.159276025714286,1.5802441551628574,4.092104505133333,80.29021364141143,13.852420264157606,35.8713880919988
1526169600,2018-05-13T00:00:00,9.295522247142856,1.6037506303985716,4.152975448966666,81.48454801845428,14.058478026073876,36.4049827856418
1526256000,2018-05-14T00:00:00,9.172304254285715,1.582491907277143,4.0979251478,80.40441909306855,13.872124059191435,35.9224118456148
1526342400,2018-05-15T00:00:00,9.272819678571427,1.599833770464286,4.142832585833333,81.28553730235714,14.024142831889929,36.316070447414994
1526428800,2018-05-16T00:00:00,9.487732632857142,1.6369125678414285,4.238849592633334,83.1694642596257,14.349175569697962,37.157755529023795
1526515200,2018-05-17T00:00:00,9.329312014285714,1.6095803577571428,4.168071757666667,81.78074911722855,14.109581416099115,36.537317027705996
1526601600,2018-05-18T00:00:00,9.519977498571427,1.6424757543242858,4.253255683233333,83.45212275247714,14.39794246240669,37.28403931922339
1526688000,2018-05-19T00:00:00,9.420245528571428,1.6252690600142858,4.2086982703333335,82.57787230345714,14.247108580085229,36.893449037741995
1526774400,2018-05-20T00:00:00,9.383977757142857,1.6190118041285717,4.192494859666666,82.25994901911427,14.192257474991058,36.75140993983799
1526860800,2018-05-21T00:00:00,9.610646927142856,1.6581188940385716,4.2937642099,84.24693096333428,14.53507022514212,37.6391370639834
1526947200,2018-05-22T00:00:00,9.65598164142857,1.6659404638957145,4.314018473233333,84.64433506876286,14.603634106509832,37.8166859363634
1527033600,2018-05-23T00:00:00,9.501848014285713,1.639347885757143,4.245155944333333,83.29319969322856,14.370523566547115,37.213037008026
1527120000,2018-05-24T00:00:00,9.626914607142856,1.6609255466785715,4.3010321475,84.38953344621427,14.559673342184357,37.70284780498499
1527206400,2018-05-25T00:00:00,9.943575385714285,1.7155588324428572,4.442507193666666,87.16538183117142,15.038588725194087,38.943018059682
1527292800,2018-05-26T00:00:00,10.073906087142856,1.7380447067185718,4.500735251099999,88.30786075989427,15.235699899094998,39.45344521114259
1527379200,2018-05-27T00:00:00,10.313753134285713,1.7794253675171432,4.607892102733333,90.41035997514857,15.598442771655275,40.392782172560395
1527465600,2018-05-28T00:00:00,10.360342255714285,1.7874633594528573,4.628706799566666,90.81876021359142,15.668903808963746,40.57524380500139
1527552000,2018-05-29T00:00:00,10.301134238571427,1.777248237344286,4.602254338366666,90.29974273531715,15.579358048560008,40.343361530122195
1527638400,2018-05-30T00:00:00,10.47201530142857,1.8067302400757144,4.6785991461,91.79768613232285,15.83779728450371,41.0126001147126
1527724800,2018-05-31T00:00:00,10.752135419999998,1.8550591886600003,4.803748862733333,94.25321909171998,16.26144884779356,42.10966253072039
1527811200,2018-06-01T00:00:00,10.657900834285712,1.8388009546171429,4.761647525066666,93.42715871334858,16.118929168173874,41.740602204734394
1527897600,2018-06-02T00:00:00,10.563666248571426,1.8225427205742857,4.7195461874,92.60109833497714,15.976409488554191,41.371541878748396
1527984000,2018-06-03T00:00:00,10.55424279,1.8209168971700003,4.715336053633332,92.51849229714,15.96215752059222,41.334635846149794
1528070400,2018-06-04T00:00:00,10.80867617142857,1.8648141290857143,4.8290096653333325,94.74885531874284,16.346960655565372,42.33109872631199
1528156800,2018-06-05T00:00:00,11.196455232857142,1.9317174076414287,5.002258341299999,98.1481265712257,16.933434795384763,43.84979661983579
1528243200,2018-06-06T00:00:00,11.145860811428571,1.9229883838057145,4.979654190133332,97.70461587298284,16.856916172440894,43.65164863070879
1528329600,2018-06-07T00:00:00,11.089716188571428,1.913301787194286,4.954570366533333,97.21245210901714,16.772003466545108,43.43176383303119
1528416000,2018-06-08T00:00:00,11.092885217142856,1.9138485377085714,4.955986198533332,97.24023181347427,16.776796281553338,43.44417501634319
1528502400,2018-06-09T00:00:00,11.206362848571427,1.9334267623742858,5.006684782733332,98.23497673057715,16.94841899897299,43.888598805440395
1528588800,2018-06-10T00:00:00,11.043223898571426,1.905280501524286,4.9337989312333335,96.80490069487713,16.701688876361892,43.2496814311914
1528675200,2018-06-11T00:00:00,10.832144588571426,1.8688631203942858,4.839494687866666,94.95457946341715,16.38245411337631,42.423010433839195
1528761600,2018-06-12T00:00:00,10.701967937142856,1.8464038242685716,4.7813354556,93.81345093699429,16.1855759235383,41.9131866037896
1528848000,2018-06-13T00:00:00,10.658723901428571,1.8389429578757144,4.762015248099999,93.43437371992285,16.120173968738513,41.743825664844586
1528934400,2018-06-14T00:00:00,10.766827388571429,1.857593984794286,4.8103128172,94.38200888821713,16.283668870706713,42.16720215557519
1529020800,2018-06-15T00:00:00,10.853311058571427,1.872514958204286,4.848951265766666,95.14012473943714,16.41446612361877,42.505906795710594
1529107200,2018-06-16T00:00:00,11.101943357142856,1.9154113329285718,4.960033118333333,97.3196354687143,16.790495744451857,43.479650315309996
1529193600,2018-06-17T00:00:00,11.426245015714285,1.9713628949328572,5.104921892766667,100.16246380775142,17.280967136981428,44.749745311992584
1529280000,2018-06-18T00:00:00,11.68568722285714,2.0161242964114288,5.2208333056,102.4367341955657,17.673345582342584,45.765824756889586
1529366400,2018-06-19T00:00:00,11.823720424285712,2.039939078187143,5.282502621366667,103.64673323928855,17.882105959388497,46.30641797890019
1529452800,2018-06-20T00:00:00,11.999834785714285,2.070323978642857,5.3611855183333335,105.19055173157142,18.148459996783288,46.99615225371
1529539200,2018-06-21T00:00:00,12.234488147142855,2.110808576098571,5.466021978633333,107.24752309785428,18.503347978080082,47.91514866469979
1529625600,2018-06-22T00:00:00,12.258062198571427,2.114875792424286,5.476554195566666,107.45417323267714,18.539001196391293,48.007474078337395
1529712000,2018-06-23T00:00:00,12.241090289999999,2.11194763967,5.468971628633333,107.30539748214001,18.513333009347225,47.94100529659978
1529798400,2018-06-24T00:00:00,12.44361322285714,2.1468887944114288,5.559453125599999,109.0807135115657,18.819627171810588,48.7341660990096
1529884800,2018-06-25T00:00:00,12.414933514285712,2.1419407022571426,5.546639845999999,108.82930718622856,18.776252195986114,48.621844890036
1529971200,2018-06-26T00:00:00,12.331412005714284,2.127530788702857,5.509324807066666,108.09715764209143,18.64993489376925,48.29474125874639
1530057600,2018-06-27T00:00:00,11.95369461,2.06236344303,5.340571397699999,104.78608695126,18.07867794160098,46.8154488722382
1530144000,2018-06-28T00:00:00,11.809270534285714,2.0374460477171428,5.276046820733333,103.52006550354857,17.860252054288477,46.249826430548396
1530230400,2018-06-29T00:00:00,11.809270534285714,2.0374460477171428,5.276046820733333,103.52006550354857,17.860252054288473,46.249826430548396
1530316800,2018-06-30T00:00:00,11.598191224285713,2.001028666587143,5.181742577366667,101.66974427208856,17.541017291302897,45.4231554331962
1530403200,2018-07-01T00:00:00,11.331565885714285,1.9550279639428572,5.062621945333333,99.33250655417143,17.13777513192309,44.378943972791994
1530489600,2018-07-02T00:00:00,11.18637596142857,1.9299784372557143,4.974808228860119,98.05977167788285,16.918190980983592,43.6091689341878
1530576000,2018-07-03T00:00:00,10.925727762857141,1.8850089668314285,4.83882168409881,95.77492956920571,16.5239886032443,42.417110882810164
1530662400,2018-07-04T00:00:00,11.154051869999998,1.9244015820100002,4.918262611939285,97.77641869241998,16.86930426789966,43.11349005625977
1530748800,2018-07-05T00:00:00,11.017647197142855,1.9008677692485716,4.834247819297024,96.58069533015428,16.66300686523298,42.37701638395771
1530835200,2018-07-06T00:00:00,11.217815365714284,1.9354026579828572,4.896730630897024,98.33536949585142,16.965739699877727,42.92474071044331
1530921600,2018-07-07T00:00:00,11.482138757142854,1.9810062071285715,4.988549828219048,100.65242834511426,17.36550041168906,43.72962779416817
1531008000,2018-07-08T00:00:00,11.703270929999999,2.01915800239,5.0607356200958336,102.59087297238,17.699939048950743,44.36240844576008
1531094400,2018-07-09T00:00:00,11.700321972857141,2.0186492206614286,5.059460430232738,102.5650224140657,17.695479068318082,44.351230131420174
1531180800,2018-07-10T00:00:00,12.087594869999998,2.08546517101,5.226925214820833,105.95985663041998,18.28118768907366,45.819226433119425
1531267200,2018-07-11T00:00:00,12.099329078571426,2.0874896666642857,5.23199932851488,106.06271870275714,18.29893441797913,45.863706113761445
1531353600,2018-07-12T00:00:00,12.146270314285712,2.095588408657143,5.2522976865595234,106.47420557502856,18.369927990288513,46.041641520380786
1531440000,2018-07-13T00:00:00,11.946766761428572,2.0611681856557142,5.166028237418452,104.72535743068285,18.068200315457993,45.28540352921016
1531526400,2018-07-14T00:00:00,11.676849154285714,2.014599469977143,5.04931029957619,102.35925968646856,17.659978953819635,44.26225408608489
1531612800,2018-07-15T00:00:00,10.83585188245714,1.96398176299,4.8895822330994045,94.98707760161929,17.21626413437034,42.862077855349376
1531699200,2018-07-16T00:00:00,10.153997341371426,1.9315860356428574,4.778737070302381,89.00994069446195,16.932283188445286,41.89040915827068
1531785600,2018-07-17T00:00:00,10.212250248514284,1.941636373221429,4.803926828269643,89.52058567847622,17.020384447659044,42.11122257661169
1531872000,2018-07-18T00:00:00,10.599505539942855,2.008449286067143,4.971383999783929,92.91526556313907,17.606066441664574,43.57915214210591
1531958400,2018-07-19T00:00:00,10.882354544228571,2.057249047594286,5.093693740339285,95.39471993470764,18.03384515121151,44.65131932781418
1532044800,2018-07-20T00:00:00,10.949106609942858,2.068765739677143,5.122558709688095,95.97986854275908,18.134800474009836,44.90434964912584
1532131200,2018-07-21T00:00:00,10.940589845657142,2.06729634767,5.118875885232738,95.90521058703051,18.12191978367522,44.87206600995018
1532217600,2018-07-22T00:00:00,11.989567821771427,2.153796835284286,5.36853909588988,105.10055152564834,18.88018305810205,47.0606137145707
1532304000,2018-07-23T00:00:00,12.95629162285714,2.2353408776114287,5.602567599461905,113.57485236596571,19.594998133141782,49.112107576883055
1532390400,2018-07-24T00:00:00,12.951031915714283,2.2344334236328574,5.600293193661309,113.52874577315141,19.587043391565626,49.09217013563504
1532476800,2018-07-25T00:00:00,12.985024148571426,2.2402980822742857,5.614992135919047,113.82672168637714,19.638452989216393,49.221021063466374
1532563200,2018-07-26T00:00:00,12.91703968285714,2.228568764991429,5.585594251403571,113.23076985992573,19.535633793914865,48.9633192078037
1532649600,2018-07-27T00:00:00,13.064337891428568,2.2539820326457147,5.649289033430952,114.52198595626284,19.75840649817233,49.52166766705573
1532736000,2018-07-28T00:00:00,13.154985312857141,2.269621375481429,5.688486847207739,115.3166012525057,19.895500977470203,49.86527570262302
1532822400,2018-07-29T00:00:00,13.182599875714285,2.2743856987128575,5.700427953477976,115.55867051051142,19.93726503491691,49.969951440187934
1532908800,2018-07-30T00:00:00,13.045997138571426,2.250817714044286,5.641358113789882,114.36121091671713,19.73066808131221,49.45214522548209
1532995200,2018-07-31T00:00:00,13.157929868571427,2.270129397834286,5.68976013380238,115.34241322789714,19.899954301415352,49.87643733291167
1533081600,2018-08-01T00:00:00,13.104958675714284,2.2609903111128573,5.666854297977976,114.87806775131142,19.81984106721531,49.67564477607494
1533168000,2018-08-02T00:00:00,13.227010289999997,2.2820477996700004,5.699387359730953,115.94797220213998,20.004431011907222,49.96082959540153
1533254400,2018-08-03T00:00:00,13.495625074285712,2.328391740137143,5.793577243476785,118.30264940118855,20.410681994042196,50.7864981163175
1533340800,2018-08-04T00:00:00,14.143687015714287,2.4402014609328573,6.0505247185232145,123.98356037975142,21.390806006537428,53.038899682574495
1533427200,2018-08-05T00:00:00,14.13662272285714,2.4389826629114286,6.02629919521012,123.9216347885657,21.380122023081586,52.826538745211906
1533513600,2018-08-06T00:00:00,14.097568847142856,2.4322447221985715,5.992077922154762,123.57928851405427,21.32105723479268,52.52655506560865
1533600000,2018-08-07T00:00:00,14.149637747142856,2.4412281368985718,5.994613651910714,124.03572449145427,21.399805848052875,52.548783272649324
1533686400,2018-08-08T00:00:00,14.240760522857142,2.4569494923114283,6.013243173457144,124.83450674336568,21.537619249601985,52.712089658525315
1533772800,2018-08-09T00:00:00,14.18869162285714,2.447966077611429,5.991256780457143,124.3780707659657,21.458870636341782,52.51935693748732
1533859200,2018-08-10T00:00:00,14.318863872857142,2.4704246143614284,6.046222762957143,125.5191607094657,21.65574216949228,53.00118874008232
1533945600,2018-08-11T00:00:00,13.527466897542855,2.4737203049614287,6.008602824330858,118.58177482386066,21.684632193291886,52.671412358084304
1534032000,2018-08-12T00:00:00,12.851332233428568,2.488228937358571,6.001259567568573,112.65477835823484,21.81181486488524,52.6070413693061
1534118400,2018-08-13T00:00:00,12.507319700399998,2.5558073009242857,6.125183793388001,109.63916449370639,22.40420679990229,53.69336113283922
1534204800,2018-08-14T00:00:00,11.775914412171428,2.5447021904785716,6.0604052466634295,103.22766573709472,22.306859401735156,53.12551239225162
1534291200,2018-08-15T00:00:00,11.193278882742856,2.5804194272,6.103310025974857,98.12028268612389,22.619956698835203,53.50161568769561
1534377600,2018-08-16T00:00:00,10.687554894514287,2.6268674021400003,6.1733071202502865,93.68710620531222,23.027119647159243,54.115210216114015
1534464000,2018-08-17T00:00:00,9.7759183716,2.598206284555715,6.061137820452002,85.6957004454456,22.775876290415393,53.131934134082236
1534550400,2018-08-18T00:00:00,9.728277418800001,2.5855444538957144,6.031600096236001,85.27807985320081,22.664882682849832,52.87300644360478
1534636800,2018-08-19T00:00:00,9.637527032400001,2.5614251624585718,5.9753342214280005,84.4825619660184,22.453452974111837,52.37977978503785
1534723200,2018-08-20T00:00:00,9.637527032400001,2.5614251624585718,5.9753342214280005,84.4825619660184,22.453452974111844,52.379779785037854
1534809600,2018-08-21T00:00:00,9.746426353199999,2.5903680084328573,6.0428525626040015,85.43717341215121,22.70716596192243,52.97164556378667
1534896000,2018-08-22T00:00:00,9.7373490288,2.5879554717885718,6.037224557936001,85.35760158646079,22.686017665698618,52.92231047486698
1534982400,2018-08-23T00:00:00,9.6556759668,2.5662487169957147,5.986586687796001,84.6416555249688,22.495736253184436,52.47841890521975
1535068800,2018-08-24T00:00:00,9.6276239772,2.5587931662328574,5.969194257884,84.3957517841352,22.43038089519723,52.32595686461116
1535155200,2018-08-25T00:00:00,9.465543592800001,2.5157160600885717,5.868703285016001,82.97495513448482,22.05276698273642,51.445052996450265
1535241600,2018-08-26T00:00:00,9.8026703352,2.6053163193685718,6.077724225144001,85.93020815836321,22.8382028555849,53.27733055761231
1535328000,2018-08-27T00:00:00,10.209081320400001,2.713330680344286,6.329701880788001,89.49280685462642,23.785056743898007,55.48616668698761
1535414400,2018-08-28T00:00:00,10.327886553599999,2.74490628192,6.403361956992001,90.5342535288576,24.061848467310718,56.13187091499187
1535500800,2018-08-29T00:00:00,10.204026933600002,2.7119873447057143,6.326568125592,89.4485000999376,23.773281063690295,55.45869618893948
1535587200,2018-08-30T00:00:00,10.3233121764,2.7436905214014287,6.400525811108001,90.4941545383224,24.051191110604922,56.10700926017273
1535673600,2018-08-31T00:00:00,10.452980484,2.7781532694428575,6.48092106948,91.63082692274399,24.353291559936086,56.81175409506169
1535760000,2018-09-01T00:00:00,10.605857827200001,2.818784426411429,6.575706092384001,92.9709497132352,24.709464281922582,57.64263960583815
1535846400,2018-09-02T00:00:00,10.3287694284,2.7451409290157143,6.3599321927144645,90.5419928093544,24.063905383751752,55.751165601334996
1535932800,2018-09-03T00:00:00,9.937021593599999,2.641023684205714,6.073068640124926,87.1079312894976,23.15121361574729,53.23651969933511
1536019200,2018-09-04T00:00:00,9.6790392912,2.572458132211428,5.874637866560138,84.8464584266592,22.550167986965384,51.49707553826618
1536105600,2018-09-05T00:00:00,9.6121550964,2.5546819061157144,5.792856853168435,84.2601515750424,22.39434158901035,50.780183174874495
1536192000,2018-09-06T00:00:00,9.573934332000002,2.544523737185714,5.72335024599139,83.925108354312,22.305295080169973,50.17088825636053
1536278400,2018-09-07T00:00:00,9.600009139199999,2.551453799954286,5.691346907117359,84.1536801142272,22.366044010399268,49.89034698779078
1536364800,2018-09-08T00:00:00,9.6526587636,2.565446816241429,5.676192375141873,84.61520672171761,22.488706791172365,49.75750236049365
1536451200,2018-09-09T00:00:00,9.9017951748,2.631661341024286,5.822695658046306,86.79913650229682,23.06914331541889,51.04175013843392
1536537600,2018-09-10T00:00:00,9.871783146,2.623684858521429,5.8050472511970455,86.53605105783602,22.999221469798844,50.88704420399329
1536624000,2018-09-11T00:00:00,10.0735786104,2.677317287094286,5.923711953266995,88.30499009876641,23.469363338668508,51.92725898233848
1536710400,2018-09-12T00:00:00,10.487221168800001,2.7872536280028575,6.166952162366504,91.93098076570081,24.433065303073047,54.05950265530476
1536796800,2018-09-13T00:00:00,10.5294877284,2.798487072944286,6.1918067779911325,92.3014894271544,24.531537681429608,54.27737821587027
1536883200,2018-09-14T00:00:00,10.338392478,2.747698506421429,6.079434277334976,90.62634846214802,24.086325107290243,53.2923208751184
1536969600,2018-09-15T00:00:00,10.2386990556,2.7212023689985716,6.020810113989163,89.7524359213896,23.85405996664148,52.778421459229
1537056000,2018-09-16T00:00:00,9.9994314132,2.6576107279328576,5.880110105766503,87.6550157681112,23.296615641059425,51.545045187149164
1537142400,2018-09-17T00:00:00,9.9994314132,2.6576107279328576,5.880110105766503,87.6550157681112,23.296615641059425,51.54504518714917
1537228800,2018-09-18T00:00:00,10.009400184,2.6602601898,5.885972186068966,87.74240201294401,23.3198408237868,51.59643218308055
1537315200,2018-09-19T00:00:00,9.8897663628,2.628464369267143,5.815622181957636,86.69369193630482,23.041118660995778,50.97974404704064
1537401600,2018-09-20T00:00:00,9.953184773999999,2.6453194726214284,5.852915026438424,87.249617728884,23.188870496999446,51.306653121759226
1537488000,2018-09-21T00:00:00,10.1001077124,2.6843680906014287,5.939312244355665,88.5375442068984,23.531170682212124,52.06401113402176
1537574400,2018-09-22T00:00:00,10.2790255764,2.73192019783,6.044523900572414,90.10593820272241,23.948012454177782,52.98629651241778
1537660800,2018-09-23T00:00:00,10.417116909599999,2.7686215854771428,6.125727742102463,91.31644682955361,24.26973681829264,53.69812938727019
1537747200,2018-09-24T00:00:00,10.5747714912,2.8105224186400006,6.218435643200001,92.6984468918592,24.637039521798243,54.5108068482912
1537833600,2018-09-25T00:00:00,10.8759775152,2.8905758064400002,6.395558172717243,95.3388188982432,25.338787519253042,56.063462942039344
1537920000,2018-09-26T00:00:00,10.732837509600001,2.8525326019057147,6.311385487422661,94.0840536091536,25.005300788305497,55.32560518274704
1538006400,2018-09-27T00:00:00,10.646672929200003,2.8296321084900002,6.260716884475863,93.3287348973672,24.804555063023344,54.88144420931541
1538092800,2018-09-28T00:00:00,10.748263532400001,2.8566324713871434,6.320456674454188,94.2192781250184,25.041240244179697,55.40512320826541
1538179200,2018-09-29T00:00:00,10.71778578,2.8485322106428574,6.302534401428573,93.95211014748,24.970233358495285,55.24801656292287
1538265600,2018-09-30T00:00:00,10.849854135600001,2.8836328342842856,6.3801964644325135,95.10982135266958,25.277925425336047,55.92880220721541
1538352000,2018-10-01T00:00:00,10.951444738800001,2.9106331971814288,6.4399362544108385,96.0003645803208,25.514610606492404,56.452481206165416
1538438400,2018-10-02T00:00:00,10.626355380000001,2.7706055873457145,6.194597418213735,93.15063126108,24.287128578672537,54.301840968061605
1538524800,2018-10-03T00:00:00,10.6873108848,2.730047998344286,6.173106770556651,93.68496721615679,23.93160075348601,54.1134539506996
1538611200,2018-10-04T00:00:00,10.805658966,2.7009668014157144,6.1815499165597805,94.722406495956,23.676674981210148,54.18746656856303
1538697600,2018-10-05T00:00:00,10.6176666348,2.5979654080685717,6.017425307135207,93.07446572065679,22.7737647671291,52.74875024234723
1538784000,2018-10-06T00:00:00,10.397050794,2.4883333204257143,5.8361772217683,91.140547260204,21.812729886851816,51.15992952602091
1538870400,2018-10-07T00:00:00,10.2446877468,2.389905529845714,5.688058624772762,89.8049327884488,20.949911874627535,49.86152190475803
1538956800,2018-10-08T00:00:00,10.0689985188,2.288134150714286,5.5291081891663865,88.2648410158008,20.05778396516143,48.46816238623255
1539043200,2018-10-09T00:00:00,10.053709641600003,2.284659822857143,5.52071273097143,88.1308187182656,20.027328007165718,48.39456779969555
1539129600,2018-10-10T00:00:00,10.1053849608,2.2964028042857145,5.549088783468908,88.58380456637279,20.13026698236857,48.64331227588845
1539216000,2018-10-11T00:00:00,10.217858638800001,2.3219619364285715,5.610850549838655,89.5697488277208,20.354318334732856,49.18471591988566
1539302400,2018-10-12T00:00:00,10.2390362052,2.326774442142857,5.622479616581513,89.7553913747832,20.39650475982429,49.28665631895354
1539388800,2018-10-13T00:00:00,10.408451022,2.365273189285714,5.715509012621848,91.24048165885199,20.73398477727857,50.10215200464313
1539475200,2018-10-14T00:00:00,10.111973664,2.2979000571428574,5.55270678507563,88.64156113862398,20.143391900914285,48.67502767797298
1539561600,2018-10-15T00:00:00,10.3978622388,2.3628669364285715,5.7096944792504205,91.1476603853208,20.71289156473286,50.05118180510919
1539648000,2018-10-16T00:00:00,10.4508032976,2.3748975514285715,5.738765577156302,91.61174170676159,20.818351935822857,50.30601904935215
1539734400,2018-10-17T00:00:00,10.387273455599999,2.360460683571429,5.703879945878993,91.05483911178962,20.691798352187142,50.000211605575245
1539820800,2018-10-18T00:00:00,10.1575717188,2.3082620078571425,5.577745678242017,89.04127368700081,20.234224760875716,48.89451861546952
1539907200,2018-10-19T00:00:00,10.208572738800001,2.319851757857143,5.6057514582420165,89.48834862832082,20.335820509375715,49.14001728294953
1539993600,2018-10-20T00:00:00,10.174480628400001,2.3121044807142854,5.587030731801682,89.1894971885544,20.267907877941433,48.97591139497354
1540080000,2018-10-21T00:00:00,10.375267501200002,2.357732385,5.697287212682354,90.94959491551921,20.66788208691,49.94241970637351
1540166400,2018-10-22T00:00:00,10.2412419636,2.3272756907142855,5.623690846954623,89.7747270529176,20.400898704801428,49.29727396440421
1540252800,2018-10-23T00:00:00,10.382904796800002,2.359467925714285,5.701481019401681,91.0165434487488,20.68309583681143,49.979182616075136
1540339200,2018-10-24T00:00:00,10.0745214864,2.28938922,5.532140971952941,88.3132553497824,20.068785902520002,48.49474776013948
1540425600,2018-10-25T00:00:00,10.0183260768,2.2766190685714287,5.501282838561345,87.82064638922881,19.956842755097142,48.224245362828746
1540512000,2018-10-26T00:00:00,10.028529138,2.2789376678571425,5.506885563512605,87.910086423708,19.977167596435716,48.273358849751496
1540598400,2018-10-27T00:00:00,9.957116281200001,2.2627094207142857,5.467671195707562,87.2840813209992,19.834910781981428,47.92960570157249
1540684800,2018-10-28T00:00:00,9.9775195464,2.26734597,5.478875076658824,87.4629363437424,19.875554773020003,48.02781892199125
1540771200,2018-10-29T00:00:00,9.8857034244,2.2464811735714285,5.428456827902521,86.65807621829039,19.692653967527146,47.5858525533935
1540857600,2018-10-30T00:00:00,9.8857034244,2.2464811735714285,5.428456827902521,86.6580762182904,19.692653967527146,47.5858525533935
1540944000,2018-10-31T00:00:00,10.3957993404,2.3623981521428576,5.708561696440336,91.1295770179464,20.70878220168429,50.04125183099598
1541030400,2018-11-01T00:00:00,10.5692799528,2.401820832857143,5.8038237101243695,92.65030806624482,21.054361420825717,50.87631864295022
1541116800,2018-11-02T00:00:00,10.569594244800001,2.401892254285714,5.7947568644196235,92.65306314991679,21.054987501068574,50.796838673502414
1541203200,2018-11-03T00:00:00,10.824996495600002,2.459931255,5.924601411691732,94.8919192804296,21.56375738133,51.93505597488973
1541289600,2018-11-04T00:00:00,10.651835889600003,2.4205812942857143,5.821567905700704,93.37399340823359,21.218815625708572,51.03186426137238
1541376000,2018-11-05T00:00:00,10.631749773600003,2.416016815714286,5.801234125461776,93.1979185153776,21.178803406551427,50.853618343797926
1541462400,2018-11-06T00:00:00,10.366781617200001,2.3558040064285715,5.647464019171565,90.8752076563752,20.650977920352858,49.505669592057934
1541548800,2018-11-07T00:00:00,10.0304034612,2.279363599285714,5.4543519051420395,87.92651674087918,19.980901311338574,47.81284880047512
1541635200,2018-11-08T00:00:00,9.6939595896,2.2029082585714286,5.261785199492664,84.9772497624336,19.310693794637142,46.124809058752696
1541721600,2018-11-09T00:00:00,9.5306934672,2.165806774285714,5.173165966197684,83.54605893347521,18.98546218338857,45.34797285968888
1541808000,2018-11-10T00:00:00,9.224570202,2.0962416535714286,5.007005291484556,80.862582390732,18.375654335207145,43.89140838515361
1541894400,2018-11-11T00:00:00,9.459266324400001,2.1495752807142856,5.134396020918532,82.9199285996904,18.843176910741427,45.008115519371856
1541980800,2018-11-12T00:00:00,9.418448365200002,2.140299585,5.112240437164865,82.56211836934321,18.76186616211,44.8138996721872
1542067200,2018-11-13T00:00:00,9.3368124468,2.1217481935714284,5.067929269657529,81.8464979086488,18.59924466484714,44.4254679778179
1542153600,2018-11-14T00:00:00,9.3878334672,2.1333424885714285,5.095622973919691,82.29374817347521,18.700880254817143,44.66823098938001
1542240000,2018-11-15T00:00:00,9.4490575488,2.1472553828571423,5.128854798690348,82.8304384727808,18.822840686125716,44.959541165319585
1542326400,2018-11-16T00:00:00,9.433574382000002,2.1437369035714284,5.120450689187259,82.694713032612,18.791997696707146,44.8858707414155
1542412800,2018-11-17T00:00:00,9.4670521944,2.1513445842857144,5.138622113997684,82.9881795361104,18.858686625848573,45.04516145130369
1542499200,2018-11-18T00:00:00,9.139571359200001,2.0769260528571425,4.960868761938996,80.1174825347472,18.206333779345716,43.48697556715724
1542585600,2018-11-19T00:00:00,8.9016666012,2.022863277857143,4.8317364168984565,78.0320094261192,17.732419493695716,42.35500143053186
1542672000,2018-11-20T00:00:00,8.924544201600002,2.0280621085714285,4.844154151681853,78.23255447122561,17.777992443737144,42.46385529364312
1542758400,2018-11-21T00:00:00,8.539213638000001,1.9404974892857143,4.635000540330116,74.854746750708,17.010400991078573,40.630414736533794
1542844800,2018-11-22T00:00:00,8.3961650628,1.9079903507142857,4.5573551913023165,73.6007829405048,16.72544341436143,39.9497756069561
1542931200,2018-11-23T00:00:00,8.278025877257145,1.885443904285714,4.4912339725783355,72.56517484003611,16.52780126496857,39.370157003621685
1543017600,2018-11-24T00:00:00,8.185023064457143,1.8811495285714286,4.452673294017331,71.74991218303131,16.490156767457144,39.03213409535592
1543104000,2018-11-25T00:00:00,8.081619382114287,1.8897395785714288,4.4358926902864315,70.84347550361383,16.56545714575714,38.885035323050865
1543190400,2018-11-26T00:00:00,7.816458771428572,1.8575285142857143,4.3263550707031815,68.51907759034286,16.28309495622857,37.92482854978409
1543276800,2018-11-27T00:00:00,7.661358360857143,1.8553813264285712,4.2827531878946425,67.15946739127371,16.26427270747286,37.54261444508443
1543363200,2018-11-28T00:00:00,7.635480210342857,1.883298015,4.304739554316264,66.93261952386548,16.50899039949,37.73534693313637
1543449600,2018-11-29T00:00:00,7.294506778114285,1.8467912764285717,4.16872580333733,63.94364641694983,16.188972329172856,36.54305039205504
1543536000,2018-11-30T00:00:00,6.913178476971427,1.7952529242857145,4.010935261444721,60.600922529131545,15.737187134288572,35.159858501824424
1543622400,2018-12-01T00:00:00,6.594779839885715,1.7544511607142859,3.884132662631328,57.80984007643817,15.379518874821429,34.048306920626224
1543708800,2018-12-02T00:00:00,6.380060133428572,1.726534472142857,3.7884906814362305,55.92760712963485,15.134801182804287,33.20990931347
1543795200,2018-12-03T00:00:00,6.234866492742857,1.7144519142857142,3.7309844272963146,54.65483967538388,15.028885480628572,32.705809489679496
1543881600,2018-12-04T00:00:00,6.0098648106857135,1.6846354157142858,3.6301687316254467,52.682474930470974,14.76751405415143,31.822059101428664
1543968000,2018-12-05T00:00:00,5.860510823828571,1.6681565442857145,3.5713779900540183,51.373237881681256,14.623060267208572,31.306699460813523
1544054400,2018-12-06T00:00:00,5.897025718457143,1.688706437142857,3.602687207749554,51.69332744799532,14.803200627994286,31.58115606313259
1544140800,2018-12-07T00:00:00,5.832491959028572,1.6795742335714283,3.5715978977294647,51.127624512844456,14.723147731487142,31.308627171496486
1544227200,2018-12-08T00:00:00,5.671813137942857,1.6447433014285713,3.4834058790857148,49.71911396720708,14.417819780322857,30.535535936065372
1544313600,2018-12-09T00:00:00,5.6320367953714285,1.6332087407142857,3.458976804609524,49.370434548225944,14.31670782110143,30.321390669207087
1544400000,2018-12-10T00:00:00,5.6310023641714295,1.6329087707142858,3.458341497409524,49.361366724326736,14.314078284081429,30.315821566291884
1544486400,2018-12-11T00:00:00,5.549302450628573,1.609216984285714,3.4081646047238103,48.64518528221005,14.106396084248571,29.875970925008914
1544572800,2018-12-12T00:00:00,5.486455157657143,1.5909921835714287,3.3695662545142855,48.094265912022514,13.946637481187143,29.53761778707223
1544659200,2018-12-13T00:00:00,5.461315344857143,1.5837020035714284,3.3541263643809525,47.87389031301772,13.882731763307143,29.40227171016343
1544745600,2018-12-14T00:00:00,5.6624226521142855,1.6420201971428572,3.4776386098285714,49.636796968433835,14.393949048154285,30.48498005375726
1544832000,2018-12-15T00:00:00,5.76827883,1.6821142392857145,3.5537017435625,50.564732223780005,14.745413421578572,31.151749484068876
1544918400,2018-12-16T00:00:00,5.6615675352,1.658422452857143,3.496692670144792,49.6293010135632,14.537731221745714,30.652007946489242
1545004800,2018-12-17T00:00:00,5.8530162084,1.7240308264285713,3.6261391620479166,51.30754008283441,15.112854224472857,31.786735894512038
1545091200,2018-12-18T00:00:00,5.837649274457142,1.727581120714286,3.626116327944494,51.17283353989132,15.143976104181428,31.786535730761436
1545177600,2018-12-19T00:00:00,5.9010448176,1.7544634971428572,3.675045006546875,51.7285588710816,15.379627015954284,32.215444527389906
1545264000,2018-12-20T00:00:00,5.845046713028571,1.7382248614285716,3.6406531600706846,51.23767948640846,15.237279135282858,31.91396560117962
1545350400,2018-12-21T00:00:00,5.723196539142857,1.7028900835714287,3.5658175472325895,50.16954086212628,14.927534472587142,31.257956619040876
1545436800,2018-12-22T00:00:00,5.857764075257143,1.71977346,3.6204611174944596,51.34915988370411,15.07553415036,31.73696215595643
1545523200,2018-12-23T00:00:00,6.204547829828572,1.8002680071428574,3.807864314833456,54.38906627627726,15.781149350614285,33.379738583830076
1545609600,2018-12-24T00:00:00,6.135879274457143,1.75919679,3.7391004408555415,53.78711771989132,15.42111906114,32.77695446453968
1545696000,2018-12-25T00:00:00,6.309284279657143,1.789898265,3.8207818606979,55.30718599547451,15.690248190990001,33.49297379087779
1545782400,2018-12-26T00:00:00,6.478545196457143,1.80308331,3.8756438673164717,56.790927192143315,15.805828295460001,33.973894140896185
1545868800,2018-12-27T00:00:00,6.824759434971429,1.867361297142857,4.043658844897423,59.82584120695954,16.369289130754286,35.446713434370814
1545955200,2018-12-28T00:00:00,7.0977622872,1.9118620414285714,4.16850506828155,62.2189842095952,16.759382655162856,36.54111542855607
1546041600,2018-12-29T00:00:00,6.942313126971428,1.8508798285714287,4.054601104395275,60.85631687103154,16.224812577257143,35.542633281128985
1546128000,2018-12-30T00:00:00,7.024108683771429,1.8508798285714287,4.0767566122723995,61.573336721940336,16.224812577257143,35.736848463179854
1546214400,2018-12-31T00:00:00,7.144757415428571,1.86375906,4.12459961804719,62.63094350364685,16.33771191996,36.15624025180166
1546300800,2019-01-01T00:00:00,7.3249909998857134,1.8719088942857145,4.174346049167971,64.21087110499816,16.409153367308573,36.592317467006424
1546387200,2019-01-02T00:00:00,7.401416413371429,1.8869820621428575,4.210030185093994,64.88081627961394,16.541284756744286,36.905124602533945
1546473600,2019-01-03T00:00:00,7.379317076914285,1.8812904235714287,4.1893889304577,64.68709349623062,16.491391853027142,36.7241833643922
1546560000,2019-01-04T00:00:00,7.359763979314285,1.8762545635714287,4.170517354216946,64.51569104266902,16.447247504267143,36.558755127065744
1546646400,2019-01-05T00:00:00,7.624373659199999,1.9444042414285716,4.314063011466495,66.8352594965472,17.044647580362856,37.817076358515294
1546732800,2019-01-06T00:00:00,7.490897801485714,1.9100278092857146,4.23019978832085,65.66521012782377,16.74330377619857,37.08193134442057
1546819200,2019-01-07T00:00:00,7.461000923657143,1.9023279300000002,4.20580046340695,65.40313409677852,16.67580663438,36.868046862225334
1546905600,2019-01-08T00:00:00,7.5271308048,1.9385970300000002,4.266409793383784,65.9828286348768,16.99374156498,37.399348248802255
1546992000,2019-01-09T00:00:00,7.6186668312,1.962171945,4.318292802940541,66.78523344229919,17.20039926987,37.85415471057678
1547078400,2019-01-10T00:00:00,7.6257080639999995,1.9639853999999999,4.322283803675676,66.846956889024,17.2162960164,37.889139823020976
1547164800,2019-01-11T00:00:00,7.6186668312000005,1.962171945,4.31829280294054,66.78523344229919,17.20039926987,37.85415471057678
1547251200,2019-01-12T00:00:00,7.425324383657142,1.91683557,4.209074437512419,65.09039354713852,16.80298060662,36.89674651923387
1547337600,2019-01-13T00:00:00,7.3271028024,1.9095817499999999,4.174275004225095,64.2293831658384,16.739393620500003,36.59169468703718
1547424000,2019-01-14T00:00:00,7.351038735428572,1.9362531085714285,4.211565173182668,64.43920555476686,16.973194749737143,36.91858030811927
1547510400,2019-01-15T00:00:00,7.063726200685714,1.880461935,4.069776322912376,61.92062387521097,16.484129322210002,35.675659246649886
1547596800,2019-01-16T00:00:00,6.8184583128,1.8356371971428571,3.9519781143381674,59.770605570004804,16.091195670154285,34.64304015028838
1547683200,2019-01-17T00:00:00,6.588489390171429,1.793925135,3.841894083522592,57.75469799424274,15.72554773341,33.67804353615903
1547769600,2019-01-18T00:00:00,6.490073641371429,1.7876114807142858,3.8081300768125854,56.89198554026195,15.670202239941428,33.38206825333913
1547856000,2019-01-19T00:00:00,6.445189433828572,1.7899365728571428,3.8035412344016337,56.498530576941256,15.690583997665714,33.34184246076472
1547942400,2019-01-20T00:00:00,6.578789610685715,1.839654327857143,3.8988785152373118,57.66966972727097,16.126409837995713,34.17756906457027
1548028800,2019-01-21T00:00:00,6.544388163257142,1.842152779285714,3.8943364570633863,57.36810663911211,16.148311263218574,34.13775338261764
1548115200,2019-01-22T00:00:00,6.4930997328,1.838354457857143,3.877727506886483,56.9185122577248,16.115015177575714,33.99215932536691
1548201600,2019-01-23T00:00:00,6.5397571176,1.8630428978571427,3.9206009597563996,57.3275108928816,16.331434042615715,34.3679880132246
1548288000,2019-01-24T00:00:00,6.732229697657142,1.9295122242857143,4.0512062818159915,59.014725529662506,16.91410415808857,35.512874266398974
1548374400,2019-01-25T00:00:00,6.661027072457143,1.9295122242857141,4.033639903208236,58.39056331715931,16.914104158088573,35.358887391523396
1548460800,2019-01-26T00:00:00,6.699884854285713,1.9617973071428572,4.083150497088236,58.73119063266857,17.197115194414287,35.792897257475474
1548547200,2019-01-27T00:00:00,6.53785400142857,1.923814742142857,3.995310926153782,57.31082817652286,16.864160029624287,35.02289557866405
1548633600,2019-01-28T00:00:00,6.464498230285714,1.9119918985714286,3.9617376119126058,56.66779148668457,16.760520982877143,34.7285919060259
1548720000,2019-01-29T00:00:00,6.525318151885713,1.9391112642857142,4.009537070804202,57.200938919430165,16.998249342728574,35.14760196266963
1548806400,2019-01-30T00:00:00,6.418874379085715,1.9170771042857144,3.9551960405571434,56.267852807065374,16.805097896168572,34.67124849152391
1548892800,2019-01-31T00:00:00,6.326356080342857,1.9003151442857142,3.910718952485714,55.456837400285494,16.658162554808573,34.28136233748977
1548979200,2019-02-01T00:00:00,6.441032413542857,1.9347616992857144,3.9816076131857145,56.46209013711668,16.960121055938572,34.902772337185965
1549065600,2019-02-02T00:00:00,6.392371760742857,1.9201449792857144,3.9515274003857144,56.03553085467189,16.83199088841857,34.63908919178117
1549152000,2019-02-03T00:00:00,6.388413975771428,1.9189561371428572,3.949080844342857,56.00083691161234,16.821569498194286,34.61764268150949
1549238400,2019-02-04T00:00:00,6.397855594971429,1.921792217142857,3.954917303542857,56.08360214551954,16.846430575474287,34.66880508285668
1549324800,2019-02-05T00:00:00,6.342625349142858,1.923668652857143,3.9410934041184333,55.59945381058629,16.862879410945716,34.54762478050218
1549411200,2019-02-06T00:00:00,6.448978825885715,1.9762172935714286,4.029504196026267,56.531748387714174,17.323520795447145,35.32263378236625
1549497600,2019-02-07T00:00:00,6.49491978617143,2.0118754157142855,4.081952352069124,56.93446684557874,17.636099894151428,35.78239431823794
1549584000,2019-02-08T00:00:00,6.457992035485715,2.021259542142857,4.0816538069493085,56.61075818306777,17.718361146424282,35.779777271717634
1549670400,2019-02-09T00:00:00,6.432747854057142,2.032520104285714,4.086780848634101,56.389467688664915,17.81707123416857,35.82472091912653
1549756800,2019-02-10T00:00:00,6.399067473257143,2.040256992857143,4.085604156608755,56.09422547057211,17.884892799385714,35.814406036832345
1549843200,2019-02-11T00:00:00,6.361818873428571,2.048056862142857,4.083470267394469,55.76770424447485,17.953266453544284,35.79570036397992
1549929600,2019-02-12T00:00:00,6.3385375596,2.0225970707142857,4.048761229304608,55.56362024745359,17.73008592188143,35.491440936084196
1550016000,2019-02-13T00:00:00,6.3789809429142865,2.0141433707142857,4.05109481781106,55.91814694558662,17.655980787681425,35.51189717293175
1550102400,2019-02-14T00:00:00,6.282970003885715,1.9634451942857143,3.967695255882488,55.07651505406216,17.211560573108574,34.780816613065895
1550188800,2019-02-15T00:00:00,6.159900352285715,1.9060009392857142,3.869089334430875,53.99768648813657,16.708004233778574,33.91643710562106
1550275200,2019-02-16T00:00:00,6.197024641714286,1.9179523414285715,3.8929183580317965,54.323118009267425,16.812770224962858,34.125322326506726
1550361600,2019-02-17T00:00:00,6.404084536628572,1.9622953092857143,4.001271842385714,56.13820504808606,17.20148068119857,35.07514897035317
1550448000,2019-02-18T00:00:00,6.5324313601714294,1.9818595864285715,4.059719278528571,57.26329330326275,17.37298113463286,35.58749919558146
1550534400,2019-02-19T00:00:00,6.714800731028572,2.036639822142857,4.172453267242857,58.86194320819646,17.853184680904285,36.575725340650884
1550620800,2019-02-20T00:00:00,6.5649993264,1.9916423742857143,4.079851588685714,57.5487840952224,17.45873705298857,35.763979026418966
1550707200,2019-02-21T00:00:00,6.421708488857143,1.948600575,3.9912745015000004,56.292696613321716,17.08143264045,34.987512280149
1550793600,2019-02-22T00:00:00,6.687492843257144,2.017075545,4.1424746231,58.622562263992116,17.681684227469997,36.3129325460946
1550880000,2019-02-23T00:00:00,6.740682055885714,2.0033801614285713,4.142180263931933,59.08881890189417,17.561630495082856,36.310352193627324
1550966400,2019-02-24T00:00:00,6.629827908342857,1.9604688685714287,4.062572336252941,58.11707144453349,17.185470101897142,35.61250909959329
1551052800,2019-02-25T00:00:00,6.586699714114286,1.9374679221428572,4.024330652155462,57.73900969392583,16.983843805504286,35.27728249679479
1551139200,2019-02-26T00:00:00,6.6587052135428575,1.947786370714286,4.055802547139496,58.370209901916674,17.07429532568143,35.553165128224826
1551225600,2019-02-27T00:00:00,6.764891266285715,1.9697770285714284,4.110023359218489,59.30103684026057,17.267065432457144,36.028464766909266
1551312000,2019-02-28T00:00:00,7.003547029714285,2.030926757142857,4.245403136302522,61.393093262475425,17.803103953114285,37.21520389282791
1551398400,2019-03-01T00:00:00,7.005409901485714,2.031466962857143,4.246532370050421,61.40942319642377,17.807839396405715,37.22510275586199
1551484800,2019-03-02T00:00:00,6.932715360857142,2.010386603571429,4.196878073161345,60.77218285327371,17.62304896690714,36.789833189332356
1551571200,2019-03-03T00:00:00,6.994664803371428,2.0283510407142855,4.228249432366051,61.315231666353945,17.780525222901428,37.064834524120805
1551657600,2019-03-04T00:00:00,6.954115995942857,2.0165924764285714,4.1978695316892445,60.959780820435086,17.677449648372857,36.79852431478792
1551744000,2019-03-05T00:00:00,6.873018381085714,1.9930753478571428,4.142401759745211,60.24887912859737,17.471298499315715,36.312293825926524
1551830400,2019-03-06T00:00:00,6.785161138971428,1.9675980257142858,4.083725506220505,59.478722544223544,17.247964293411428,35.79793778752895
1551916800,2019-03-07T00:00:00,6.731095316057143,1.9519197235714287,4.044940188385043,59.00478154055691,17.110528296827145,35.457945691383294
1552003200,2019-03-08T00:00:00,6.622963670228572,1.9205631192857144,3.973211963505715,58.05689953322366,16.83565630365857,34.8291760720911
1552089600,2019-03-09T00:00:00,6.663512477657143,1.9323216835714285,3.9975377811914297,58.41235037914252,16.938731878187145,35.042416189924076
1552176000,2019-03-10T00:00:00,6.595819926857142,1.9126918285714287,3.9569280381714296,57.81895747882971,16.766656569257144,34.686431182610754
1552262400,2019-03-11T00:00:00,6.629143389085714,1.9223551478571428,3.9769192664771436,58.11107094872536,16.851365226115714,34.86167428993865
1552348800,2019-03-12T00:00:00,6.588124385657143,1.9104602335714287,3.95231137139143,57.75149836467051,16.747094407487143,34.64596148161728
1552435200,2019-03-13T00:00:00,6.634987253657143,1.9240497835714285,3.98042508559143,58.162298265558505,16.866220402787143,34.892406300294475
1552521600,2019-03-14T00:00:00,6.7223339972571425,1.9493790685714285,4.03282566393143,58.927979819956114,17.088256915097144,35.35174977002291
1552608000,2019-03-15T00:00:00,6.769138650514285,1.962951737142857,4.060904454262858,59.338269410408216,17.207234927794286,35.59788844606822
1552694400,2019-03-16T00:00:00,6.937556140628571,2.0117903592857145,4.161940549265715,60.81461712875005,17.635354289498572,36.48357085486326
1552780800,2019-03-17T00:00:00,7.004769539314286,2.031281267142857,4.202262841982859,61.40380978162903,17.806211587774285,36.83703607282173
1552867200,2019-03-18T00:00:00,7.181157048342856,2.0684989735714288,4.2900500464145255,62.95002268577348,18.13246200232714,37.60657870686972
1552953600,2019-03-19T00:00:00,7.442481189085713,2.1292221214285716,4.427336120095953,65.24079010352537,18.664761116442858,38.81002842876113
1553040000,2019-03-20T00:00:00,7.666152503485713,2.1801514435714284,4.543489565161906,67.20149284555576,19.111207554347143,39.82822952820926
1553126400,2019-03-21T00:00:00,7.627765663028571,2.1566453528571428,4.504446340418969,66.86499380210846,18.905153163145712,39.48597662011269
1553212800,2019-03-22T00:00:00,7.729848769885714,2.1723158635714284,4.5476572562963495,67.75985431681816,19.042520860067146,39.8647635086938
1553299200,2019-03-23T00:00:00,7.651530122057143,2.137057052142857,4.48443437311135,67.07331304995292,18.733442119084284,39.31055171469409
1553385600,2019-03-24T00:00:00,7.777419412114285,2.1599190514285715,4.542299732526985,68.17685856659382,18.93385040482286,39.81779945533155
1553472000,2019-03-25T00:00:00,7.7391122184,2.149280505,4.519926918802779,67.8410577064944,18.840592906830004,39.62167937022515
1553558400,2019-03-26T00:00:00,7.505317932685713,2.084351933571429,4.383382434675794,65.79161699792297,18.271429049687143,38.42473042236801
1553644800,2019-03-27T00:00:00,7.474424355771427,2.0757722721428573,4.3653394465432545,65.52080390269234,18.196219737604284,38.26656558839817
1553731200,2019-03-28T00:00:00,7.548249577371429,2.096274767142857,4.408456098296033,66.16795579523794,18.375944608774287,38.644526157663016
1553817600,2019-03-29T00:00:00,7.502528766857142,2.0835773357142857,4.381753458980159,65.76716717026972,18.26463892487143,38.41045082142008
1553904000,2019-03-30T00:00:00,7.5103491857142854,2.0857491964285715,4.386320871974207,65.83572096197142,18.28367745589286,38.4504887637259
1553990400,2019-03-31T00:00:00,7.428794725028571,2.063100162857143,4.338690059576192,65.12081455960046,18.085136027605714,38.0329570622449
1554076800,2019-04-01T00:00:00,7.339826647542858,2.0383922442857143,4.286729421586508,64.34092039236069,17.868546413408573,37.577470109627335
1554163200,2019-04-02T00:00:00,7.5103491857142854,2.046239576357143,4.351396367217778,65.83572096197143,17.937336126346715,38.14434055503104
1554249600,2019-04-03T00:00:00,7.458451530171429,1.9960919725714288,4.289498503592937,65.38078611348274,17.497742231561144,37.60174388249568
1554336000,2019-04-04T00:00:00,7.413967491428571,1.9485065367857144,4.232375342263096,64.99083902986285,17.080608301463574,37.101002250278306
1554422400,2019-04-05T00:00:00,7.564751641028572,1.9313943087857142,4.256767810213086,66.31261288525646,16.93060251081557,37.314826624327914
1554508800,2019-04-06T00:00:00,7.6455926496,1.8964458198571428,4.246807563082134,67.0212651663936,16.624244056867717,37.22751509797798
1554595200,2019-04-07T00:00:00,7.7447136363428575,1.865629883,4.246583095536896,67.89015973618147,16.354111554378,37.225547415476434
1554681600,2019-04-08T00:00:00,7.922160613028571,1.8536698814285713,4.289218750678166,69.44565993380846,16.249270180602856,37.599291568444805
1554768000,2019-04-09T00:00:00,7.891018905085714,1.8090011597142854,4.218626974399959,69.17267172198136,15.857704166055427,36.98048405759005
1554854400,2019-04-10T00:00:00,8.108401512857144,1.8204219583571428,4.27926070256501,71.07824766170572,15.957818886958716,37.51199931868488
1554940800,2019-04-11T00:00:00,8.4731914812,1.8517583409999998,4.400965674010723,74.2759965241992,16.232513617206,38.578865098378
1555027200,2019-04-12T00:00:00,8.603655934457143,1.8396952328571428,4.423234957236368,75.41964792145131,16.126768411225715,38.774077635134006
1555113600,2019-04-13T00:00:00,8.718094752685714,1.8329609568571428,4.442108521532559,76.42281860204298,16.067735747809714,38.939523299754406
1555200000,2019-04-14T00:00:00,8.696211231942858,1.7985480997857142,4.392429571123034,76.2309876592111,15.766072642721571,38.50403762046453
1555286400,2019-04-15T00:00:00,8.8270862292,1.7931144007857143,4.416940294115416,77.37823788516721,15.718440837287572,38.71889861821573
1555372800,2019-04-16T00:00:00,9.010854606514286,1.8166598598571428,4.498671154079336,78.98915148070422,15.924840331507713,39.43535133665945
1555459200,2019-04-17T00:00:00,8.993751519942858,1.7985480997857144,4.479122078062857,78.83922582381909,15.76607264272157,39.26398413629901
1555545600,2019-04-18T00:00:00,8.9439474468,1.7840582357857144,4.456483116234287,78.4026433186488,15.63905449489757,39.06553099690974
1555632000,2019-04-19T00:00:00,8.953027628400001,1.7858694687857144,4.461007480474286,78.4822401905544,15.654931763375572,39.10519157383759
1555718400,2019-04-20T00:00:00,8.916706902,1.7786245367857145,4.442910023514286,78.163852702932,15.59142268946357,38.946549266126226
1555804800,2019-04-21T00:00:00,9.271505426400001,1.8493965570000002,4.619694786959999,81.2740165678224,16.211810218662,40.496244502491365
1555891200,2019-04-22T00:00:00,9.164014705200001,1.8279552742142857,4.566135596565714,80.3317529057832,16.023855933762427,40.02674463949505
1555977600,2019-04-23T00:00:00,8.8941035928,1.7741158318571428,4.431647517062857,77.96571209448481,15.551899382059714,38.84782213457301
1556064000,2019-04-24T00:00:00,9.111847947600001,1.817549518357143,4.540142568782858,79.87445910866161,15.932639077918717,39.798889757950526
1556150400,2019-04-25T00:00:00,9.0492466956,1.8050623833571429,4.508950365982858,79.32569653362961,15.823176852508714,39.52545890820573
1556236800,2019-04-26T00:00:00,9.0315891996,1.8015402247857144,4.500152200154286,79.1709109236936,15.79230161047157,39.44833418655247
1556323200,2019-04-27T00:00:00,9.078287276400001,1.8108551373571427,4.5234203591028574,79.58026626492241,15.873956134072714,39.65230286789564
1556409600,2019-04-28T00:00:00,9.0865160124,1.812496531642857,4.527520475217143,79.65239936469841,15.888344596381286,39.68824448575348
1556496000,2019-04-29T00:00:00,9.3481926744,1.8646934398571429,4.657905591302858,81.94625698379039,16.345902693787714,40.831200413360854
1556582400,2019-04-30T00:00:00,9.5647512912,1.907890606,4.76580982768,83.84460981865921,16.724569052196,41.777088949442884
1556668800,2019-05-01T00:00:00,9.6369384492,1.922289851357143,4.801778381022857,84.4774024456872,16.850792836996714,42.09238928804637
1556755200,2019-05-02T00:00:00,10.0068944196,1.996085342642857,4.96981851041617,87.7204364822136,17.497684113607285,43.56542906230815
1556841600,2019-05-03T00:00:00,10.015920314400002,1.997885747,4.96085298609465,87.79955747603039,17.513466458202,43.4868372761057
1556928000,2019-05-04T00:00:00,10.010971644,1.9968986307142857,4.946301536405228,87.756177431304,17.50481339684143,43.359279268128226
1557014400,2019-05-05T00:00:00,9.768146787600001,1.9484621112142857,4.8132560712576895,85.62757474010161,17.080218866904428,42.19300272064491
1557100800,2019-05-06T00:00:00,9.7347461196,1.9417996462142857,4.782504322605896,85.3347844844136,17.021815698714427,41.92343289196329
1557187200,2019-05-07T00:00:00,9.680422175999999,1.9309635942857144,4.74356970499617,84.858580794816,16.926826867508574,41.58213203399642
1557273600,2019-05-08T00:00:00,9.5843516832,1.911800316,4.681498165838297,84.0164268549312,16.758841570056003,41.03801292173851
1557360000,2019-05-09T00:00:00,9.3519413208,1.8654411861428568,4.567976800882065,81.9791176181328,16.352457437728287,40.042884636532186
1557446400,2019-05-10T00:00:00,9.170294830800001,1.8292079772142855,4.47925116373161,80.3868044867928,16.034837128260428,39.26511570127129
1557532800,2019-05-11T00:00:00,9.1765463844,1.8304549809285715,4.482304749167477,80.4416056056504,16.04576836281986,39.2918834312021
1557619200,2019-05-12T00:00:00,9.452603334,1.8855203396428573,4.617145387943768,82.861520825844,16.528471297309288,40.473896470715076
1557705600,2019-05-13T00:00:00,9.604909237200001,1.9159009520714285,4.691539549389968,84.1966343732952,16.794787745858144,41.12603568995247
1557792000,2019-05-14T00:00:00,9.8428882824,1.9633708727142858,4.807780950001822,86.28275868351841,17.21090907021343,42.14500780771598
1557878400,2019-05-15T00:00:00,9.8143305684,1.9576744366428573,4.793831870279938,86.0324217625944,17.160974111611285,42.022730174873935
1557964800,2019-05-16T00:00:00,9.776252664000001,1.9500789985714289,4.775232632115501,85.698630852624,17.09439250147714,41.85968925312448
1558051200,2019-05-17T00:00:00,10.0237547568,1.9994484911428572,4.896125586775683,87.8682341981088,17.527165473358284,42.91943689367564
1558137600,2019-05-18T00:00:00,10.2430648572,2.0431944985,5.003248099253191,89.79070653821519,17.910642973851,43.85847283805348
1558224000,2019-05-19T00:00:00,10.291231534800001,2.052802354357143,5.026775221409422,90.21293563405679,17.994865438294713,44.06471159087499
1558310400,2019-05-20T00:00:00,10.2346789752,2.0415217581428573,4.999151996303342,89.71719589660322,17.895979731880285,43.82256639959511
1558396800,2019-05-21T00:00:00,10.244733462000001,2.0435273367857145,5.004063133025836,89.805333527892,17.913560634263572,43.86561742410447
1558483200,2019-05-22T00:00:00,10.416665472000002,2.0778227885714284,5.088043710541032,91.312489527552,18.214194564617145,44.601791166602695
1558569600,2019-05-23T00:00:00,11.344636757828571,2.100719099,5.17306304799696,99.44708581912526,18.414903621834004,45.34707067874135
1558656000,2019-05-24T00:00:00,12.151660141714284,2.1046231097142853,5.2106589779173245,106.52145280226743,18.44912617975543,45.67663660042327
1558742400,2019-05-25T00:00:00,12.748576727485714,2.079962870357143,5.175926426170517,111.75402359313978,18.232954521550717,45.372171051810746
1558828800,2019-05-26T00:00:00,13.616835808285714,2.083762014214286,5.21546448729696,119.36518269543258,18.26625781660243,45.71876169564515
1558915200,2019-05-27T00:00:00,14.533480907142856,2.0951594457857143,5.273975260891489,127.40049363201429,18.366167701757572,46.23166713697479
1559001600,2019-05-28T00:00:00,15.482297645314285,2.1160541670714283,5.355192664709726,135.71782115882502,18.549330828548143,46.94361889884546
1559088000,2019-05-29T00:00:00,16.444489787142853,2.1293506006428573,5.419636278728572,144.15239747409427,18.665887365235285,47.508531619334654
1559174400,2019-05-30T00:00:00,16.496954815714282,2.1361441492142856,5.436927260442857,144.6123059145514,18.72543961201243,47.66010436504208
1559260800,2019-05-31T00:00:00,16.162142545714286,2.092790252714286,5.326582655742857,141.6773415557314,18.34539935529343,46.692823560241884
1559347200,2019-06-01T00:00:00,16.572958684285712,2.145985675785714,5.461975974557142,145.27855582644855,18.811710433937574,47.87968139296792
1559433600,2019-06-02T00:00:00,16.290611442857138,2.109425327857143,5.363888813408745,142.8034999080857,18.491222423995712,47.01984933834107
1559520000,2019-06-03T00:00:00,15.783065108571426,2.0437045845714286,5.192043524264432,138.35434874173714,17.915114388353143,45.513453533702
1559606400,2019-06-04T00:00:00,15.890781269999996,2.0576524465,5.2216264220807584,139.29858861282,18.037381346019,45.77277721595993
1559692800,2019-06-05T00:00:00,15.949729602857142,2.0652854998571426,5.234906290325947,139.8153296986457,18.104292691747716,45.88918854099726
1559779200,2019-06-06T00:00:00,16.141961995714286,2.0901771302142858,5.292228059918658,141.50043885443142,18.322492723458428,46.391671173246955
1559865600,2019-06-07T00:00:00,16.811141991428567,2.1768273604285713,5.506699777100292,147.36647069686282,19.082068641516855,48.27173024606115
1559952000,2019-06-08T00:00:00,16.37046216,2.119764972,5.35669966785306,143.50347129455997,18.581859744552,46.95682928839994
1560038400,2019-06-09T00:00:00,16.631603318571425,2.1535794040714284,5.442149592461807,145.7926346905971,18.87827705609015,47.705883327520205
1560124800,2019-06-10T00:00:00,16.3527843024,2.2338897488571425,5.61362815637755,143.3485071948384,19.582277538481716,49.20906441880561
1560211200,2019-06-11T00:00:00,15.354381136799999,2.210642362428571,5.526219742019259,134.5965050451888,19.378490949048857,48.44284225854083
1560297600,2019-06-12T00:00:00,14.130908044114284,2.1493533837142857,5.3450844508544275,123.87153991470583,18.841231761639428,46.85501029618991
1560384000,2019-06-13T00:00:00,13.168297823657143,2.136672473,5.282774382764692,115.4332987221785,18.730070898318,46.308800239315296
1560470400,2019-06-14T00:00:00,12.368153538857143,2.1575409775714283,5.3018623857628215,108.41923392162171,18.913004209391143,46.47612567359689
1560556800,2019-06-15T00:00:00,11.880753667542859,2.201956651,5.385036207355289,104.14668664968069,19.302352002666,47.205227393676466
1560643200,2019-06-16T00:00:00,10.8495798444,2.1641766559285713,5.263684794765178,95.10741691601041,18.97117256586986,46.141460910911555
1560729600,2019-06-17T00:00:00,10.585797426000001,2.1115597103571426,5.135710483799106,92.79510023631602,18.50993242099071,45.01963810098295
1560816000,2019-06-18T00:00:00,10.786058574,2.1515060039285716,5.232867385248511,94.550589459684,18.860101630437857,45.871315499088446
1560902400,2019-06-19T00:00:00,11.260793782800002,2.2462019157857145,5.463185658945534,98.71211830002481,19.69020599377757,47.89028548631656
1560988800,2019-06-20T00:00:00,11.1763435224,2.229356537,5.422214528454165,97.9718273173584,19.542539403342,47.53113255642921
1561075200,2019-06-21T00:00:00,11.553818621485714,2.153757791714286,5.264821823695104,101.28077403594378,18.87984080216743,46.151428106511275
1561161600,2019-06-22T00:00:00,12.303173915657142,2.143261987142857,5.267364368134122,107.84962254465052,18.787834579294287,46.173716051063714
1561248000,2019-06-23T00:00:00,13.869367790228571,2.2503202196428576,5.563783637927733,121.57887804914365,19.726307045389287,48.7721273700745
1561334400,2019-06-24T00:00:00,15.33914335765714,2.3426839837857147,5.823666871597302,134.4629306732225,20.53596780186557,51.050263796421966
1561420800,2019-06-25T00:00:00,15.990651782399997,2.3069979062857144,5.765937325054294,140.17405352451837,20.22314364650057,50.54420659142594
1561507200,2019-06-26T00:00:00,16.802845061999996,2.281807633357143,5.737518050585076,147.29373981349198,20.002325714008713,50.29508323142877
1561593600,2019-06-27T00:00:00,17.73772633285714,2.296808153357143,5.804092262455976,155.48890903382568,20.133820272328713,50.878672772689086
1561680000,2019-06-28T00:00:00,18.41141779285714,2.3840425603571425,6.024535814064139,161.39448837218566,20.898517084090713,52.81108094608625
1561766400,2019-06-29T00:00:00,19.14638594142857,2.4792115129285714,6.265030162901458,167.83721916256283,21.73276812233186,54.919254407994174
1561852800,2019-06-30T00:00:00,18.85095765428571,2.440957337285714,6.168360894059475,165.24749479746856,21.397432018646573,54.071851597325356
1561939200,2019-07-01T00:00:00,18.464129301428567,2.3908680249285714,6.041783935570845,161.85655745632286,20.95834910652386,52.96227797921402
1562025600,2019-07-02T00:00:00,18.84026658428571,2.4395729807857145,6.150335626723501,165.15377687784854,21.385296749567573,53.9138421038582
1562112000,2019-07-03T00:00:00,19.151438781428567,2.4798657909285713,6.236342416964356,167.88151235800282,21.73850352327986,54.66777762710956
1562198400,2019-07-04T00:00:00,19.600402101428568,2.5380007849285713,6.367896574698095,171.81712482112286,22.248114880683858,55.82098137380351
1562284800,2019-07-05T00:00:00,20.05178180571428,2.5964486697142855,6.498218675378476,175.7739193088914,22.760469038715428,56.96338490836772
1562371200,2019-07-06T00:00:00,20.12122314428571,2.6054404327857137,6.504575276319647,176.38264208280856,22.839290833799573,57.019106872218025
1562457600,2019-07-07T00:00:00,20.138582378571424,2.6076882310714287,6.496188273810667,176.5348131305571,22.858995033572146,56.9455864082243
1562544000,2019-07-08T00:00:00,20.746208395714284,2.6863680102142857,6.6786482529442575,181.86126279683143,23.548701977538432,58.545030585309355
1562630400,2019-07-09T00:00:00,20.90905685142857,2.7074547974285714,6.7310726542375345,183.28879235962285,23.73354875425886,59.004582887046226
1562716800,2019-07-10T00:00:00,20.48132602285714,2.6520691388571427,6.593376951173108,179.5393039163657,23.248038071221714,57.79754235398347
1562803200,2019-07-11T00:00:00,20.14040016857143,2.6079236115714286,6.4836256261271705,176.55074787769712,22.861058379035143,56.835462238630775
1562889600,2019-07-12T00:00:00,20.111654438571428,2.6042014080714284,6.474371760756583,176.29876280851713,22.828429543154147,56.7543428547922
1562976000,2019-07-13T00:00:00,19.817740242857138,2.5661432878571424,6.379754494204482,173.7223109688857,22.494812061355713,55.924927896196486
1563062400,2019-07-14T00:00:00,20.03717786571428,2.5945576467142857,6.450396158867787,175.64590117085143,22.74389233109743,56.54417272863502
1563148800,2019-07-15T00:00:00,19.84242345428571,2.569339447285714,6.387700547947899,173.93868400026855,22.52282959490657,55.99458300331128
1563235200,2019-07-16T00:00:00,20.149352674285712,2.6090828462857147,6.486507629214565,176.6292255427886,22.87122023054057,56.86072587769488
1563321600,2019-07-17T00:00:00,20.22867962142857,2.6193546689285716,6.512044670337535,177.32460556144287,22.961263027827858,57.08458358017883
1563408000,2019-07-18T00:00:00,20.070021325714286,2.598810453714286,6.46096917117759,175.93380694121146,22.781172437259432,56.63685575454276
1563494400,2019-07-19T00:00:00,19.157750429999997,2.4806830685,6.167289655978431,167.93684026937999,21.745667778471,54.06246112430693
1563580800,2019-07-20T00:00:00,19.871706158571424,2.5731311820714287,6.397127276827171,174.19537618603718,22.55606794203814,56.07721770866697
1563667200,2019-07-21T00:00:00,19.951033105714284,2.5834030047142855,6.422664317950139,174.8907562046914,22.64611073932543,56.301075411150926
1563753600,2019-07-22T00:00:00,20.18901834857143,2.6142190425714285,6.499276858233053,176.97693484357714,22.91624412718114,56.97266093927094
1563840000,2019-07-23T00:00:00,18.810557344457145,2.5640995239999995,6.341061645062879,164.8933456815113,22.476896427384,55.58574638062119
1563926400,2019-07-24T00:00:00,17.952439800342855,2.577523621571429,6.341827741047887,157.37108728980547,22.594572066695143,55.59246197802578
1564012800,2019-07-25T00:00:00,17.473136029885715,2.649854966357143,6.486464146990666,153.16951043797818,23.228628635086714,56.86034471252018
1564099200,2019-07-26T00:00:00,17.25816475182857,2.770749354785714,6.748080974100312,151.28507221452927,24.28838884405157,59.15367781896334
1564185600,2019-07-27T00:00:00,15.693869484857142,2.704380032785714,6.547420953704929,137.57245990425773,23.70659536739957,57.394692080177414
1564272000,2019-07-28T00:00:00,14.979328968342857,2.768650307857143,6.666151820588055,131.3087977364935,24.269988598675713,58.43548685927489
1564358400,2019-07-29T00:00:00,13.996685642400001,2.791933029857143,6.684624584238857,122.69494634127841,24.47408493972771,58.59741910543782
1564444800,2019-07-30T00:00:00,13.9803053148,2.7886656293571432,6.6768015650348564,122.55135638953678,24.445442906944713,58.528842519095555
1564531200,2019-07-31T00:00:00,14.389984936800001,2.8703848375714287,6.872458918700572,126.14260795598878,25.161793486151144,60.2439748813292
1564617600,2019-08-01T00:00:00,14.2875628884,2.849954608071428,6.823543556864571,125.24477627971439,24.982702094354142,59.81518281947482
1564704000,2019-08-02T00:00:00,14.3259693708,2.8576155879285716,6.8271804581766915,125.58144750443277,25.04985824378186,59.84706389637688
1564790400,2019-08-03T00:00:00,14.594823319200001,2.911244156714286,6.94052782340802,127.9382212161072,25.519966277757426,60.84066689999471
1564876800,2019-08-04T00:00:00,14.492404128,2.8908144971428578,6.87708233858123,127.040414586048,25.340879881954287,60.28450378000306
1564963200,2019-08-05T00:00:00,14.3572528536,2.863855735857143,6.798836027349987,125.8556785146576,25.104559380523714,59.59859661574999
1565049600,2019-08-06T00:00:00,14.8226707332,2.9566931106428567,7.00559378582268,129.93553164723122,25.918371807895287,61.41103512652161
1565136000,2019-08-07T00:00:00,14.8033560612,2.9528403935000003,6.981621095614119,129.76621923247922,25.884598889421,61.20089052415337
1565222400,2019-08-08T00:00:00,14.9993085516,2.991927234785714,7.06151737109258,131.4839387633256,26.22723414013157,61.901261274997566
1565308800,2019-08-09T00:00:00,14.9205041184,2.9762080348571422,7.0244170692989,130.7931391018944,26.08943963355772,61.57604002947415
1565395200,2019-08-10T00:00:00,14.8472169384,2.9615893669999998,6.989914232526922,130.1507036820144,25.961292391122004,61.273588162330995
1565481600,2019-08-11T00:00:00,14.879111862000002,2.9679514796428568,7.004930028506867,130.430294582292,26.017062670549286,61.40521662989119
1565568000,2019-08-12T00:00:00,14.749706416799999,2.942138844714286,6.944007300232417,129.2959264496688,25.790789112765427,60.87116799383737
1565654400,2019-08-13T00:00:00,14.6929767108,2.930822912928572,6.917299548805218,128.7986338468728,25.691593654731857,60.63704784482655
1565740800,2019-08-14T00:00:00,14.67879357,2.9279937875,6.91062227466346,128.67430443461998,25.666793541224997,60.578514859699894
1565827200,2019-08-15T00:00:00,14.8915292532,2.9704283892142853,7.010776006230493,130.53914543355117,26.038775259852432,61.45646247061651
1565913600,2019-08-16T00:00:00,14.891529253200002,2.9704283892142853,7.010776006230493,130.5391454335512,26.03877525985243,61.45646247061651
1566000000,2019-08-17T00:00:00,14.565334157999999,2.9053619239285715,6.857206771809065,127.679719229028,25.468402625157857,60.110274561678274
1566086400,2019-08-18T00:00:00,14.189443783200002,2.830382691,6.680241520234614,124.3846642035312,24.811134669306,58.55899716637663
1566172800,2019-08-19T00:00:00,14.660787495600001,2.924402097642857,6.902145203422251,128.5164631864296,25.635308787937287,60.504204853199454
1566259200,2019-08-20T00:00:00,14.6471157936,2.921674989428571,6.895708709310989,128.3966170466976,25.61140295733086,60.447782545820125
1566345600,2019-08-21T00:00:00,14.4584720208,2.8840460254285714,6.806897196834065,126.74296573433283,25.28154745890686,59.66926082744742
1566432000,2019-08-22T00:00:00,14.271233990400003,2.8466974662857143,6.718747493156043,125.10163715984642,24.95414998946057,58.896540525005875
1566518400,2019-08-23T00:00:00,14.399387982000002,2.8722604725,6.779081050182691,126.22503505021201,25.178235301934997,59.42542448590147
1566604800,2019-08-24T00:00:00,14.898252244800002,2.9717694311428575,7.013941120262636,130.59807917791682,26.050530833398287,61.48420786022227
1566691200,2019-08-25T00:00:00,15.346126916400001,3.0611074445,7.22479582484423,134.52414854916242,26.833667858487,63.33256020058452
1566777600,2019-08-26T00:00:00,14.970067966800002,2.9860945857857146,7.047751210019505,131.22761579696882,26.17610513899757,61.780587107030975
1566864000,2019-08-27T00:00:00,14.709717045600001,2.934162124428571,6.925180723099449,128.94537962172961,25.720865182740855,60.706134218689776
1566950400,2019-08-28T00:00:00,14.926672813200001,2.9774385106428576,7.0273212262030205,130.8472138805112,26.100225984295285,61.601497868895684
1567036800,2019-08-29T00:00:00,15.273805470000001,3.0466814125000004,7.190747645336537,133.89017875002,26.707209261975002,63.03409385902008
1567123200,2019-08-30T00:00:00,15.375050352,3.066876831428572,7.238412675395602,134.777691385632,26.88424230430286,63.45192551251786
1567209600,2019-08-31T00:00:00,15.461834944800001,3.084187841857143,7.2792699527488995,135.5384451261168,27.035990621719716,63.81008040579685
1567296000,2019-09-01T00:00:00,15.394425025199999,3.0707415170714287,7.247534068617855,134.9475297709032,26.918120138648142,63.53188364550413
1567382400,2019-09-02T00:00:00,15.692536701600002,3.130206154428571,7.350506371509188,137.5607767262256,27.43938714972086,64.43453885264954
1567468800,2019-09-03T00:00:00,16.2490706892,3.241218551357143,7.571378593645112,142.4393536615272,28.412521821196716,66.37070475189304
1567555200,2019-09-04T00:00:00,16.1457914808,3.220617343285714,7.4886412591535985,141.5340081206928,28.231931631242578,65.64542927774046
1567641600,2019-09-05T00:00:00,16.283708524799998,3.2481277954285717,7.512182156242365,142.7429889283968,28.473088254726857,65.85178878162057
1567728000,2019-09-06T00:00:00,16.3868505876,3.268701646928571,7.521107229351876,143.64713225090162,28.653438636975856,65.93002597249854
1567814400,2019-09-07T00:00:00,16.2808084668,3.2475493179285713,7.4335573518861695,142.7175670199688,28.468017320961856,65.16256374663416
1567900800,2019-09-08T00:00:00,16.8143734236,3.353980059071428,7.6403550076667495,147.3947974312776,29.400989197820145,66.97535199720673
1567987200,2019-09-09T00:00:00,16.7684725056,3.3448241565714283,7.619497893347783,146.9924299840896,29.32072855650514,66.79251853308668
1568073600,2019-09-10T00:00:00,17.043869442,3.3997578617857145,7.744636684375616,149.40655952857202,29.802277416413574,67.88948517523666
1568160000,2019-09-11T00:00:00,17.778255558,3.5462466024999997,8.078337530525863,155.84418822142803,31.086397717514995,70.81470679258972
1568246400,2019-09-12T00:00:00,17.671159130400003,3.5248839698571426,8.029673527038916,154.9053809370864,30.899132879767713,70.38811813802315
1568332800,2019-09-13T00:00:00,17.59642335,3.5099763482142863,7.995714016348523,154.2502470861,30.76845266844643,70.09042906731115
1568419200,2019-09-14T00:00:00,17.9191812336,3.574357189428572,8.142373350603942,157.07954269373758,31.332815122530857,71.37604479139415
1568505600,2019-09-15T00:00:00,17.6937367248,3.529387545428571,8.039932656659113,155.1032961295968,30.93861122322685,70.47804966827378
1568592000,2019-09-16T00:00:00,18.212801391600003,3.6329258990714286,8.275792669183991,159.6534169987656,31.84622843126014,72.54559853806687
1568678400,2019-09-17T00:00:00,17.9277471192,3.576065835285714,8.146265639973892,157.1546312469072,31.34779311211457,71.41016460001114
1568764800,2019-09-18T00:00:00,18.051203874000002,3.6006918789285716,8.202363682464286,158.236853159484,31.563665010687856,71.90192004048194
1568851200,2019-09-19T00:00:00,18.1333426596,3.6170761855,8.23968707632931,158.95688175405357,31.707289842092997,72.22909691110274
1568937600,2019-09-20T00:00:00,18.340883953200002,3.658474657071429,8.333992651797784,160.7761887337512,32.07018884388814,73.05577958565938
1569024000,2019-09-21T00:00:00,18.5266590972,3.695531412785715,8.418407813516996,162.4046936460552,32.39502836447957,73.79576289328999
1569110400,2019-09-22T00:00:00,18.847542657600002,3.759538380857143,8.564215466042365,165.21755893652158,32.95611344659371,75.07391277532737
1569196800,2019-09-23T00:00:00,18.0200089644,3.594469398785715,8.188188894158374,157.96339858193042,31.50911874975557,71.77766384619231
1569283200,2019-09-24T00:00:00,18.172006290000002,3.6247884589285717,8.257255608602216,159.29580713814,31.774895630967855,72.38310266500704
1569369600,2019-09-25T00:00:00,17.868005924400002,3.564149198785714,8.119119583123892,156.6309399332904,31.243331876555573,71.17220226566404
1569456000,2019-09-26T00:00:00,18.2934858624,3.649020112,8.312455230731034,160.3606970697984,31.987310301792,72.86698255258825
1569542400,2019-09-27T00:00:00,18.135568418400002,3.617520159857143,8.240698448383744,158.97639275569443,31.711181721307714,72.23796259853191
1569628800,2019-09-28T00:00:00,18.213652837200005,3.6330957377857147,8.27617956118941,159.6608807708952,31.847717237429574,72.54899003338636
1569715200,2019-09-29T00:00:00,17.835416082857144,3.565524436428572,8.102263265363366,156.34525738232574,31.255387209732856,71.02443978417526
1569801600,2019-09-30T00:00:00,18.136924477200004,3.6514383189285717,8.259695750117341,158.9882799671352,32.00850830372786,72.40449294552862
1569888000,2019-10-01T00:00:00,17.934908783314288,3.6394909062857144,8.190372646986484,157.21741039453303,31.90377728450057,71.7968066234835
1569974400,2019-10-02T00:00:00,17.666935697485716,3.648987626071429,8.147542206009636,154.86835832415977,31.98702553014214,71.42135497788047
1570060800,2019-10-03T00:00:00,17.09260020582857,3.5969485880714287,7.964969092326091,149.83373340429327,31.530851323034142,69.8209190633305
1570147200,2019-10-04T00:00:00,17.050995368571428,3.651173872071429,8.024465737683922,149.46902540089715,32.00619016257814,70.34246665653725
1570233600,2019-10-05T00:00:00,16.65093566742857,3.647554825642857,7.927334212040518,145.96210206067886,31.974465601585287,69.49101170274717
1570320000,2019-10-06T00:00:00,16.43527004297143,3.6945499957857146,7.951648638990128,144.07157719668754,32.38642526305757,69.70415196938747
1570406400,2019-10-07T00:00:00,16.507037119885716,3.7849258490714286,8.088937253149215,144.70068739291816,33.17865999296014,70.90762396110603
1570492800,2019-10-08T00:00:00,16.459939204457143,3.8536136405000003,8.175821841458804,144.2878270662713,33.780777172623,71.66925426222788
1570579200,2019-10-09T00:00:00,16.13977319725714,3.817463641142857,8.062790712086027,141.4812518471561,33.463886278258286,70.67842338214612
1570665600,2019-10-10T00:00:00,16.214587963199996,3.877316399857143,8.150397711162361,142.1370780854112,33.98855556114771,71.44638633604926
1570752000,2019-10-11T00:00:00,16.222350528,3.9208236071428573,8.203887036351903,142.20512472844797,34.369939740214285,71.91527376066078
1570838400,2019-10-12T00:00:00,15.751529956799999,3.839805981,8.014734089626417,138.07791160130878,33.659739229446004,70.25715902966517
1570924800,2019-10-13T00:00:00,15.688697742514284,3.824489150642857,7.982763640333963,137.52712441088022,33.52547189453528,69.97690607116752
1571011200,2019-10-14T00:00:00,15.431061115542857,3.7616841619285717,7.851672307454718,135.26868173884867,32.97492336346586,68.82775944714805
1571097600,2019-10-15T00:00:00,15.341735332799999,3.739908901,7.806221332343398,134.4856519273248,32.784041426166006,68.42933619932221
1571184000,2019-10-16T00:00:00,15.365678254114286,3.7680422850714286,7.84798758100491,134.69553557556583,33.03065867093614,68.79545913508903
1571270400,2019-10-17T00:00:00,15.111980914799998,3.7295857847857143,7.749932358226049,132.4716246991368,32.69354898943158,67.93590705220954
1571356800,2019-10-18T00:00:00,15.070124798228571,3.7443298369285714,7.761735590214749,132.10471398127166,32.82279535051586,68.03937418382249
1571443200,2019-10-19T00:00:00,15.115360686514284,3.77749797,7.814129314677018,132.50125177798424,33.113547205020005,68.49865757245873
1571529600,2019-10-20T00:00:00,15.082447788342858,3.7922391725000004,7.8275866703314865,132.21273731261348,33.24276858613501,68.61662475212582
1571616000,2019-10-21T00:00:00,15.343579093371428,3.8806875273571433,7.993349748932492,134.50181433249395,34.018106864812715,70.06970389914223
1571702400,2019-10-22T00:00:00,15.477361126971429,3.9396506275714285,8.096383308459894,135.67454763903154,34.534977401291144,70.97289608195942
1571788800,2019-10-23T00:00:00,15.854527728857144,4.035655665357143,8.29368343959753,138.98079007116172,35.376557562520716,72.70242903151195
1571875200,2019-10-24T00:00:00,15.70955958497143,3.9987550700714287,8.217848957815661,137.70999932185956,35.05308694424615,72.03766396421209
1571961600,2019-10-25T00:00:00,15.49599656177143,3.9443941430714284,8.10613171595797,135.83790586048835,34.57655905816414,71.05835062208756
1572048000,2019-10-26T00:00:00,15.573527404114287,3.9641290597142858,8.146688979737364,136.51754122446582,34.74955533745543,71.41387559637774
1572134400,2019-10-27T00:00:00,15.212170582971428,3.872148287571428,7.957659124382969,133.34988733032756,33.94325188885115,69.7568398843411
1572220800,2019-10-28T00:00:00,14.9521387608,3.805959063,7.821633526257694,131.0704483771728,33.36303714625801,68.56443949117495
1572307200,2019-10-29T00:00:00,14.532092522742857,3.699039323142857,7.601902570658244,127.38832305436391,32.425778706670286,66.63827793439016
1572393600,2019-10-30T00:00:00,14.126546233714288,3.5958104407142852,7.389756703002749,123.83330428473944,31.52087432330143,64.7786072585221
1572480000,2019-10-31T00:00:00,14.111305166228574,3.5919309369285712,7.381783927580497,123.69970108715965,31.486866593115856,64.70871790917063
1572566400,2019-11-01T00:00:00,14.076910571485714,3.560898896142857,7.334234165738167,123.39819806964377,31.214839723588288,64.29189669686077
1572652800,2019-11-02T00:00:00,14.075688814114285,3.537625293,7.289733542204211,123.38748814452582,31.010823318438003,63.90180423096212
1572739200,2019-11-03T00:00:00,14.519090402571427,3.6268419115714288,7.476511153948936,127.27434646894112,31.792896196835148,65.53909677551637
1572825600,2019-11-04T00:00:00,14.577475199828571,3.6190834739285713,7.463846086103771,127.78614760169725,31.72488573245786,65.42807479078566
1572912000,2019-11-05T00:00:00,14.842045632514285,3.661751746357143,7.555111163525309,130.1053720146202,32.09891580856672,66.22810445946287
1572998400,2019-11-06T00:00:00,14.900430429771427,3.6539933087142855,7.542446095680146,130.61717314737635,32.03090534418943,66.11708247473214
1573084800,2019-11-07T00:00:00,15.154420544571426,3.663428476214286,7.583064436228221,132.8436504937131,32.11361402249443,66.4731428479766
1573171200,2019-11-08T00:00:00,15.089909708571428,3.620441043785714,7.497274863628929,132.27814850533713,31.736786189825573,65.7211114545712
1573257600,2019-11-09T00:00:00,15.212256860571427,3.619596979571429,7.513336715524287,133.35064363976912,31.72938712292314,65.86190964828589
1573344000,2019-11-10T00:00:00,15.615400686171427,3.6825182337142857,7.663570873675716,136.88460241497873,32.28095483673943,67.17886227864132
1573430400,2019-11-11T00:00:00,15.879174500914285,3.7146593555000003,7.748497288485716,139.19684367501463,32.562703910313,67.92332723086578
1573516800,2019-11-12T00:00:00,15.701490550285714,3.642592457571429,7.6166201966025,137.6392661638046,31.93096548307114,66.76729264341752
1573603200,2019-11-13T00:00:00,15.714753406628573,3.617073335857143,7.580701645825001,137.75552836250606,31.707264862123715,66.45243062730195
1573689600,2019-11-14T00:00:00,16.095218271085717,3.7046451405714285,7.764235586800001,141.09068336433737,32.47491930224914,68.0612891538888
1573776000,2019-11-15T00:00:00,16.56492477051429,3.812757740928572,7.9908191507375,145.20813053832825,33.422634356979856,70.04752067536494
1573862400,2019-11-16T00:00:00,16.62755312914286,3.827172944285714,8.02103069075,145.7571307300663,33.548998029608576,70.3123550351145
1573948800,2019-11-17T00:00:00,16.439677957714288,3.783929613928571,7.930400848562502,144.11021697732346,33.16992699569786,69.51789383849889
1574035200,2019-11-18T00:00:00,16.26745182857143,3.744288232142857,7.847320009375001,142.60048272925715,32.822430642964285,68.78960720218126
1574121600,2019-11-19T00:00:00,16.32690367097143,3.7875332722857142,7.9197806554039305,143.12163757973556,33.20151666485657,69.42479722527085
1574208000,2019-11-20T00:00:00,16.312439112,3.8127594507142857,7.955095301707145,142.994841255792,33.42264934496143,69.73436541476482
1574294400,2019-11-21T00:00:00,15.705269749028572,3.7007411298571427,7.703276339805001,137.67239461998446,32.44069674432772,67.52692039473064
1574380800,2019-11-22T00:00:00,15.221713254857145,3.6165136660000003,7.510108225102859,133.43353839207774,31.702358796156,65.83360870125165
1574467200,2019-11-23T00:00:00,15.51289721417143,3.7190175992857144,7.70312434420643,135.98605697942673,32.60090827533857,67.52558800131355
1574553600,2019-11-24T00:00:00,14.993326621542858,3.6455298694285716,7.5174433575217074,131.43150116444468,31.956714835410853,65.8979084720353
1574640000,2019-11-25T00:00:00,14.606314598400001,3.6004416802857144,7.392732717506034,128.0389537695744,31.56147176938457,64.80469500165788
1574726400,2019-11-26T00:00:00,14.194817076342856,3.5191009046428574,7.210941432020953,124.43176649122147,30.848438530099283,63.21111259309568
1574812800,2019-11-27T00:00:00,14.033248018457144,3.5182619697857147,7.177994152969255,123.0154521297953,30.84108442714157,62.92229674492848
1574899200,2019-11-28T00:00:00,14.266609130571428,3.6203521349285714,7.351845811425643,125.06109563858914,31.736006814783856,64.4462803829572
1574985600,2019-11-29T00:00:00,14.172203909314286,3.6350540123571426,7.3516097798728675,124.23353946904902,31.864883472322713,64.44421133036556
1575072000,2019-11-30T00:00:00,13.202661565885714,3.4623075225,6.940386514463903,115.73453128655417,30.350587742235003,60.839428185790574
1575158400,2019-12-01T00:00:00,13.119019726800001,3.491711277357143,6.955359255983184,115.0013269251288,30.608341057312714,60.970679237948595
1575244800,2019-12-02T00:00:00,13.200055129542857,3.5652206645,7.036643423853024,115.71168326557269,31.252724345007,61.68321625349562
1575331200,2019-12-03T00:00:00,13.493504337771428,3.6975398410714284,7.23122248789747,118.28405902490435,32.41263424683214,63.38889632890922
1575417600,2019-12-04T00:00:00,13.727999871771429,3.800454692857143,7.377037683784512,120.33964687594835,33.31478583758572,64.66711233605504
1575504000,2019-12-05T00:00:00,13.338793868914285,3.733450470428571,7.190940900457647,116.92786705490263,32.72742682377686,63.03578793341173
1575590400,2019-12-06T00:00:00,13.314941940857143,3.762569830928572,7.197434556213756,116.71878105355371,32.98268713791986,63.09271131976978
1575676800,2019-12-07T00:00:00,13.677157382571428,3.864925582785714,7.373668099257641,119.89396161562115,33.879937658699575,64.63757455809248
1575763200,2019-12-08T00:00:00,13.779916254,3.8939634434999997,7.408500743294445,120.794745882564,34.134483545721004,64.9429175157191
1575849600,2019-12-09T00:00:00,13.804634855142856,3.9009484880714287,7.42179021266164,121.01142914018229,34.19571444643414,65.05941300419194
1575936000,2019-12-10T00:00:00,13.660258136571429,3.8601501512857146,7.344168911694709,119.74582282518516,33.83807622617057,64.37898467991582
1576022400,2019-12-11T00:00:00,13.19226055457143,3.7279022157857145,7.092559223348411,115.64335602137315,32.678790823577565,62.17337415187218
1576108800,2019-12-12T00:00:00,13.026321616285715,3.6810107726428574,7.003345419362169,114.18873528836058,32.26774043298728,61.39132594612878
1576195200,2019-12-13T00:00:00,13.116692951142857,3.7065481320714286,7.051931788765343,114.9809304097183,32.49160092573815,61.817234060317006
1576281600,2019-12-14T00:00:00,13.065053340857144,3.691955680928572,7.02416876871984,114.52825758595372,32.36368349901985,61.573863426598145
1576368000,2019-12-15T00:00:00,12.75520962857143,3.6043992642857146,6.85758739547619,111.81216760405717,31.59616395072857,60.11361110874429
1576454400,2019-12-16T00:00:00,12.871390684285716,3.6372299996428574,6.920049853284391,112.83061073844858,31.88395817686928,60.66115701389098
1576540800,2019-12-17T00:00:00,12.781019349428574,3.6116926402142857,6.871463483881216,112.03841561709086,31.66009768411843,60.235248899702746
1576627200,2019-12-18T00:00:00,12.80683915457143,3.618988865785714,6.885344993903969,112.26475202897313,31.724056397477575,60.35693421656219
1576713600,2019-12-19T00:00:00,13.119556888285715,3.7073574306428574,7.053471528199205,115.00603568271256,32.49869523701529,61.83073141619424
1576800000,2019-12-20T00:00:00,13.182424342285714,3.725122674142857,7.087270977419577,115.55713178447657,32.65442536153629,62.12701738806002
1576886400,2019-12-21T00:00:00,13.517831718857142,3.819902935428572,7.267596151595768,118.4973128475017,33.48526913196686,63.7077478648885
1576972800,2019-12-22T00:00:00,13.972022946857141,3.9875086695714286,7.570785674442617,122.47875315214971,34.95450099746314,66.36550722216398
1577059200,2019-12-23T00:00:00,13.684022458285714,3.939344006,7.465872947348129,119.95414086933258,34.532289556596005,65.4458422564537
1577145600,2019-12-24T00:00:00,13.383694490571429,3.8835143730714288,7.3480483248946635,117.32146590434915,34.042886994344144,64.41299161602663
1577232000,2019-12-25T00:00:00,13.210217206285714,3.8642274202857148,7.299469835639522,115.80076403030057,33.873817566224574,63.987152579216065
1577318400,2019-12-26T00:00:00,13.211167400571428,3.9032903245714285,7.358284636236908,115.80909343340913,34.21624298519315,64.50272312125273
1577404800,2019-12-27T00:00:00,12.949159839428573,3.8629353922142857,7.268044716914935,113.51233515243086,33.86249164815043,63.71167998847631
1577491200,2019-12-28T00:00:00,12.476162019428573,3.7638875057857146,7.065766536008624,109.36603626231086,32.99423787571757,61.938509454651616
1577577600,2019-12-29T00:00:00,12.433335024857145,3.712526112857143,6.983738896365215,108.99061482789772,32.544003905305715,61.21945516553747
1577664000,2019-12-30T00:00:00,12.849486616285716,3.7969040378571424,7.157549541507322,112.63859967836056,33.28366079585571,62.74307928085319
1577750400,2019-12-31T00:00:00,13.21188537942857,3.8702737925,7.308745305380891,115.81538723607085,33.926820065055,64.0684613469689
1577836800,2020-01-01T00:00:00,13.933042237714288,4.044325418785713,7.651772937597144,122.13704825580342,35.45255662107557,67.07544157097657
1577923200,2020-01-02T00:00:00,13.729462536,3.9829082061428567,7.536477332943775,120.352468590576,34.91417333504829,66.06476030058514
1578009600,2020-01-03T00:00:00,14.156233131428573,4.111659059928572,7.778175171352402,124.09353963010285,36.042803319333856,68.18348355207515
1578096000,2020-01-04T00:00:00,14.521404445714287,4.221826252785714,7.984986789249975,127.29463137113143,37.00852893191957,69.99639419456527
1578182400,2020-01-05T00:00:00,14.621396903142857,4.2904336842857145,8.099389594737051,128.1711652529503,37.60994167644857,70.999249187465
1578268800,2020-01-06T00:00:00,14.215750835142858,4.209225132071429,7.931528661996021,124.61527182086229,36.89806750773814,69.52778025105712
1578355200,2020-01-07T00:00:00,14.614038113142858,4.365343955857143,8.21114086338822,128.1066580998103,38.26660511704371,71.97886080846112
1578441600,2020-01-08T00:00:00,14.176496382857142,4.276855136071429,8.028736207805931,124.2711672921257,37.490912122802136,70.37990159762677
1578528000,2020-01-09T00:00:00,14.383835478857145,4.339406506571429,8.14616091292291,126.08870180766169,38.03923743660514,71.40924656268223
1578614400,2020-01-10T00:00:00,14.255194356,4.261218005857144,8.014123228526733,124.961033724696,37.353837039343716,70.25180422126536
1578700800,2020-01-11T00:00:00,14.333191544571429,4.241669455857143,7.993552646305311,125.64475707971314,37.18247445004372,70.07148249751235
1578787200,2020-01-12T00:00:00,14.309978821714285,4.194758635142857,7.920428953851832,125.44127435114741,36.77125419566228,69.43048020946516
1578873600,2020-01-13T00:00:00,14.538919968,4.2260334655000005,7.99328796352355,127.44817243948799,37.045409358572996,70.06916228824744
1578960000,2020-01-14T00:00:00,14.272069253142856,4.107056316785714,7.784340043233732,125.10895907305027,36.00245567294357,68.2375248189869
1579046400,2020-01-15T00:00:00,14.668971312,4.184061075857143,7.944895579384806,128.58820252099198,36.67747939096371,69.64495464888721
1579132800,2020-01-16T00:00:00,14.990004320571428,4.235913177285714,8.059080774072488,131.40237787412914,37.13201491208657,70.64590206551942
1579219200,2020-01-17T00:00:00,15.284183103428571,4.319042958714285,8.217240206342328,133.98114908465487,37.86073057608943,72.03232764879685
1579305600,2020-01-18T00:00:00,14.98469796942857,4.234413695214285,8.05622791882566,131.35586240001086,37.11887045224843,70.62089393642574
1579392000,2020-01-19T00:00:00,15.117891215142857,4.272051778071429,8.127836645735714,132.5234343919423,37.44880588657414,71.24861603651927
1579478400,2020-01-20T00:00:00,15.391385111142856,4.349336372071429,8.274875255728308,134.9208818842783,38.12628263757814,72.53755649171434
1579564800,2020-01-21T00:00:00,15.644173951714285,4.420770079357143,8.410782200208201,137.13682886072743,38.75247051564471,73.7289167670251
1579651200,2020-01-22T00:00:00,15.718253114571429,4.441703555785715,8.45060940401508,137.78620680233317,38.93597337001757,74.07804203559617
1579737600,2020-01-23T00:00:00,15.718253114571429,4.441703555785715,8.45060940401508,137.78620680233317,38.93597337001757,74.0780420355962
1579824000,2020-01-24T00:00:00,15.614566488857145,4.412403527928572,8.394864330567989,136.8772898413217,38.67912932582186,73.589380721759
1579910400,2020-01-25T00:00:00,16.088630777142857,4.546365808571429,8.649735664137566,141.03293739243426,39.853442677937146,75.8235828318299
1579996800,2020-01-26T00:00:00,15.984923982857142,4.517060081428571,8.593979747455027,140.12384363372573,39.59654867380285,75.33482646619076
1580083200,2020-01-27T00:00:00,15.644182019142857,4.420772359071429,8.41078653750238,137.13689957980628,38.752490499620144,73.72895478774588
1580169600,2020-01-28T00:00:00,15.545537536285716,4.392897152642858,8.357752272917725,136.2721820430806,38.50813644006728,73.26405642439678
1580256000,2020-01-29T00:00:00,15.715437581999998,4.4409079355,8.449095688346295,137.761525843812,38.92899896259299,74.06477280404363
1580342400,2020-01-30T00:00:00,15.778887907714283,4.458837888357143,8.483208507071165,138.31773139902344,39.086172929338716,74.36380577298583
1580428800,2020-01-31T00:00:00,15.759949619142857,4.453486259071428,8.473026708983863,138.15171836140627,39.03926054702014,74.27455213095254
1580515200,2020-02-01T00:00:00,15.671772624857143,4.428568981928572,8.425620083597618,137.37875882949768,38.820835695585856,73.85898565281673
1580601600,2020-02-02T00:00:00,15.77065913057143,4.456512579785715,8.478784467007673,138.24559793858913,39.065789274401574,74.32502463778926
1580688000,2020-02-03T00:00:00,16.15448116285714,4.564973976428571,8.685138827880952,141.61018187360568,40.01656187737286,76.13392696520442
1580774400,2020-02-04T00:00:00,16.033308385714285,4.5307326678571425,8.619992669298941,140.5479813091714,39.71640256643571,75.56285573907452
1580860800,2020-02-05T00:00:00,16.194666912,4.526349917142857,8.65081617074282,141.962450150592,39.67798337367429,75.83305455273155
1580947200,2020-02-06T00:00:00,16.01919590742857,4.43432925,8.508991930480347,140.42427132451886,38.8713302055,74.58982326259073
1581033600,2020-02-07T00:00:00,16.09628920114286,4.412421195714286,8.501546604660808,141.1000711372183,38.67928420163143,74.52455753645665
1581120000,2020-02-08T00:00:00,16.064855412,4.3598452850000005,8.435753828886243,140.82452254159202,38.21840376831,73.94781806401681
1581206400,2020-02-09T00:00:00,16.48125164057143,4.403661393571429,8.576118545417293,144.47465188124914,38.60249577604714,75.178255169128
1581292800,2020-02-10T00:00:00,16.286481006,4.2897355217857145,8.404820217928432,142.767292498596,37.60382158397357,73.67665403036064
1581379200,2020-02-11T00:00:00,16.796890456285716,4.362264631785715,8.59815635305138,147.24154173980057,38.239611762233565,75.37143859084838
1581465600,2020-02-12T00:00:00,16.611710356285716,4.291017861071429,8.476622620439583,145.61825298320056,37.61506257015214,74.30607389077338
1581552000,2020-02-13T00:00:00,16.808070453428574,4.3205287625,8.55232317209345,147.33954559475484,37.873755132075004,74.96966492657118
1581638400,2020-02-14T00:00:00,16.83411773742857,4.306081073214286,8.541157388693968,147.56787608629884,37.747106687796425,74.87178566929131
1581724800,2020-02-15T00:00:00,16.981296467142858,4.322466519642857,8.591275122612783,148.85804483097425,37.89074151118928,75.31111772482366
1581811200,2020-02-16T00:00:00,16.804681893428572,4.277510553928571,8.501921262241856,147.30984147779483,37.49665751573786,74.52784178481211
1581897600,2020-02-17T00:00:00,17.42127677657143,4.434460333571429,8.81387248990727,152.7149122234251,38.87247928408714,77.26240624652712
1581984000,2020-02-18T00:00:00,17.574320112,4.444228909285714,8.853481953874818,154.05649010179198,38.95811061879857,77.60962280766664
1582070400,2020-02-19T00:00:00,17.664798329142858,4.439823361428571,8.863707422675741,154.84962215326627,38.91949158628285,77.69925926717555
1582156800,2020-02-20T00:00:00,17.501569901142854,4.373757241428572,8.74935791406322,153.41876175341827,38.34035597836286,76.69687147467819
1582243200,2020-02-21T00:00:00,17.94807268285714,4.457445552857143,8.936427667406578,157.3328051379257,39.07396771634571,78.33672493248606
1582329600,2020-02-22T00:00:00,18.165033608571427,4.4838731407142856,9.008879049483365,159.2346846127371,39.30563195150143,78.97183374777117
1582416000,2020-02-23T00:00:00,18.273584124,4.4838731407142856,9.027995577611875,160.186238430984,39.30563195150143,79.13940923334569
1582502400,2020-02-24T00:00:00,17.996705850857143,4.413395773571429,8.88791573007804,157.7591234886137,38.68782735112715,77.91146928986409
1582588800,2020-02-25T00:00:00,17.77187925942857,4.385355287857143,8.811989268601721,155.78829358815082,38.442024453355714,77.2458979285627
1582675200,2020-02-26T00:00:00,17.568531611999997,4.361030736428572,8.744660248820846,154.00574811079198,38.22879543553285,76.65569174116354
1582761600,2020-02-27T00:00:00,17.82579924,4.451033856428571,8.906586610064947,156.26095613783997,39.01776278545286,78.07513822382933
1582848000,2020-02-28T00:00:00,17.672530669714284,4.4659773835714285,8.895580130503722,154.9174038507154,39.14875774438714,77.97865542399563
1582934400,2020-02-29T00:00:00,17.31148202057143,4.423979347142857,8.774607408870365,151.75245139232916,38.780602957054285,76.91820854615763
1583020800,2020-03-01T00:00:00,17.69120314457143,4.575141502142857,9.033560569629163,155.08108676531313,40.10569040778429,79.18819195336924
1583107200,2020-03-02T00:00:00,17.730840296571426,4.6078554021428575,9.079744169352846,155.42854603974516,40.392460455184285,79.59303738854706
1583193600,2020-03-03T00:00:00,17.621022322285715,4.646513657142857,9.09950229927571,154.46588167715657,40.73133871851429,79.76623715545088
1583280000,2020-03-04T00:00:00,17.869729572,4.782527110714286,9.307539411111408,156.64604942815203,41.92363265252143,81.58989047780263
1583366400,2020-03-05T00:00:00,17.866736850857144,4.8527309121428575,9.386266203834467,156.61981523461372,42.53903917584428,82.28000954281295
1583452800,2020-03-06T00:00:00,17.644154641714287,4.839565562142857,9.322250199141724,154.66865958926743,42.423631717744286,81.71884524567635
1583539200,2020-03-07T00:00:00,17.768822521714288,4.918546263571429,9.43823387306198,155.76149822534742,43.115976546467145,82.73555813126131
1583625600,2020-03-08T00:00:00,17.276660838857143,4.835182811428571,9.235975809834656,151.44720891342172,42.385212524982855,80.96256394901059
1583712000,2020-03-09T00:00:00,17.22026915142857,4.866147030714286,9.258138761986773,150.95287938142286,42.65664487124143,81.15684438757604
1583798400,2020-03-10T00:00:00,16.896564865714286,4.813873182142857,9.143018036067835,148.11528761285143,42.19841231466428,80.14769610417065
1583884800,2020-03-11T00:00:00,16.153405884,4.639208312714286,8.796583884103994,141.600755979144,40.66730006925343,77.1108543280556
1583971200,2020-03-12T00:00:00,15.969772361142857,4.632158296285715,8.76524921231738,139.99102451777827,40.60549962524057,76.83617459517416
1584057600,2020-03-13T00:00:00,15.417855236571429,4.538279662,8.53109002527992,135.15291900378514,39.782559517092004,74.78353516160378
1584144000,2020-03-14T00:00:00,14.879400930857143,4.449695664142857,8.305670771798438,130.43282855989372,39.00603219187629,72.80750998558511
1584230400,2020-03-15T00:00:00,14.056574850171428,4.314515446142857,7.957493139843762,123.21993513660274,37.82104240088828,69.7553848638704
1584316800,2020-03-16T00:00:00,13.263920952342858,4.1878613595714285,7.625536988121889,116.27153106823748,36.71079267800314,66.84545723787646
1584403200,2020-03-17T00:00:00,12.816926832342856,4.145658148857143,7.443604833525482,112.35318061231749,36.340839332881714,65.25063997068436
1584489600,2020-03-18T00:00:00,12.20136825977143,4.056554376142857,7.164950569039588,106.95719416515634,35.559755661268284,62.807956688201024
1584576000,2020-03-19T00:00:00,11.174783259771427,3.850211736857143,6.658412423060895,97.95815005515634,33.750956085289715,58.3676433005518
1584662400,2020-03-20T00:00:00,10.626946721485714,3.775178930642857,6.407571707022654,93.15581496054376,33.09321850601528,56.168773583760576
1584748800,2020-03-21T00:00:00,10.148840064342858,3.7564168820714285,6.219761164420336,88.96473200402947,32.92875038823814,54.52242636730866
1584835200,2020-03-22T00:00:00,9.9291784536,3.7939341400714284,6.1565415033353315,87.03917832425759,33.25762667186614,53.96824281823751
1584921600,2020-03-23T00:00:00,9.519506937257143,3.7611062543571427,5.976412842455089,83.4479978119961,32.96985742569471,52.3892349769613
1585008000,2020-03-24T00:00:00,9.353348220685715,3.8033094650714285,5.928090453082299,81.99145050253097,33.33981077081614,51.96564091171944
1585094400,2020-03-25T00:00:00,9.092387220685714,3.7657922070714287,5.800630486930759,79.70386637653097,33.010934487188145,50.84832684843503
1585180800,2020-03-26T00:00:00,9.281511720685714,3.901389612785714,5.949071526088922,81.36173174353097,34.19958134567957,52.14956099769548
1585267200,2020-03-27T00:00:00,9.421749592114285,4.001163018285714,6.071126855152719,82.59105692447382,35.07419501829257,53.21949801226873
1585353600,2020-03-28T00:00:00,9.321029177828573,3.951763889428571,6.005140256123457,81.70814177284525,34.64116225473085,52.64105948517822
1585440000,2020-03-29T00:00:00,9.387204892114285,3.9513592401428568,6.027506870753783,82.28823808427383,34.63761509909229,52.837125229027656
1585526400,2020-03-30T00:00:00,9.669627440571428,4.005535510285714,6.176037875284792,84.76395414404915,35.11252428316457,54.13914801474649
1585612800,2020-03-31T00:00:00,9.880328871428572,4.013218147428572,6.271863354903841,86.61096288694284,35.179870280358855,54.97915416908705
1585699200,2020-04-01T00:00:00,10.494224871428571,4.184833898999999,6.6192103093002785,91.99237522294285,36.684253958633995,58.02399757132624
1585785600,2020-04-02T00:00:00,10.647277265142858,4.127605928285714,6.647334412001625,93.33403250624227,36.18259356735257,58.270533455606234
1585872000,2020-04-03T00:00:00,10.647725850857142,4.017192915857143,6.5884748231933346,93.3379648086137,35.21471310040371,57.75457030011275
1585958400,2020-04-04T00:00:00,11.092783136571429,4.080405454,6.806460507039198,97.23933697518513,35.768834209764,59.66543280470561
1586044800,2020-04-05T00:00:00,11.631067011428572,4.148808064714285,7.060053251641621,101.95793342218285,36.368451495285434,61.88842680389046
1586131200,2020-04-06T00:00:00,11.601881176457143,4.054755724857142,6.986534506362507,101.7020903928233,35.54398868409771,61.243961482773734
1586217600,2020-04-07T00:00:00,11.887050966171428,4.065081676285714,7.095053922311972,104.20188876945875,35.63450597432057,62.19524268298675
1586304000,2020-04-08T00:00:00,12.0192251256,4.028182769142857,7.115946768068045,105.3605274510096,35.31105015430628,62.37838936888449
1586390400,2020-04-09T00:00:00,12.232108939885714,4.0656690634285715,7.218154584378604,107.22666696703816,35.639655010014856,63.27434308666285
1586476800,2020-04-10T00:00:00,12.769849154742857,4.218878733714286,7.512015842805538,111.9404976904759,36.982690979739424,65.85033087803336
1586563200,2020-04-11T00:00:00,12.940966247314284,4.261250253714286,7.599992463780757,113.44051012395703,37.35411972405943,66.62153393750212
1586649600,2020-04-12T00:00:00,12.789276938742855,4.2113014251428575,7.510908111040232,112.11080164501986,36.916268292802286,65.84062050137867
1586736000,2020-04-13T00:00:00,13.39806224742857,4.411764551428572,7.868436572953352,117.44741366095886,38.67352805782286,68.97471499850907
1586822400,2020-04-14T00:00:00,13.509689593714285,4.448521625714286,7.933993268976677,118.42593897849942,38.99574057101143,69.54938499584954
1586908800,2020-04-15T00:00:00,13.84873434685714,4.560163562857143,8.133108042906704,121.39800528454971,39.97439379200572,71.29482510412018
1586995200,2020-04-16T00:00:00,13.84873434685714,4.560163562857142,8.133108042906704,121.39800528454968,39.974393792005706,71.29482510412016
1587081600,2020-04-17T00:00:00,13.410254005028568,4.415779099428572,7.87559656890029,117.55428660808045,38.708719585590856,69.03747952297995
1587168000,2020-04-18T00:00:00,13.39808222845714,4.411771130857143,7.868448307445479,117.4475888146553,38.67358573309372,68.97481786306707
1587254400,2020-04-19T00:00:00,13.385910451885712,4.407763162285714,7.86130004599067,117.34089102123016,38.63845188059657,68.91215620315421
1587340800,2020-04-20T00:00:00,13.264109431885712,4.367656062285714,7.789768537725363,116.27318327991017,38.28687304199657,68.28511100170053
1587427200,2020-04-21T00:00:00,13.150017758742854,4.330087525142857,7.722764587672885,115.27305567313988,37.95754724540228,67.69775437554051
1587513600,2020-04-22T00:00:00,12.82199587302857,4.222075239428571,7.530123341900291,112.39761582296845,37.010711548830855,66.00906121509794
1587600000,2020-04-23T00:00:00,12.821979222171427,4.222069756571429,7.530113563156851,112.39746986155474,37.010663486105145,66.00897549463295
1587686400,2020-04-24T00:00:00,13.177238579999997,4.3390509,7.738750877448979,115.51167339228,38.036120189399995,67.83789019171775
1587772800,2020-04-25T00:00:00,13.049243441142854,4.296904177142857,7.663581676623906,114.38966800505828,37.66666201683429,67.17895697728515
1587859200,2020-04-26T00:00:00,13.007533043999999,4.28316962,7.639085924306122,114.024034663704,37.54626488892,66.96422721246746
1587945600,2020-04-27T00:00:00,12.90905987485714,4.250744002857143,7.581254435600583,113.16081886299771,37.262021929045716,66.4572763824747
1588032000,2020-04-28T00:00:00,13.011129629142857,4.284353917142857,7.641198132889211,114.05556232906629,37.55664643767428,66.98274283290682
1588118400,2020-04-29T00:00:00,13.19607069942857,4.345252011428571,7.749810636279882,115.67675575119085,38.09047913218286,67.93484003762944
1588204800,2020-04-30T00:00:00,13.103608489714285,4.314805705714286,7.695509273956267,114.86623202083543,37.82358681629143,67.45883429550064
1588291200,2020-05-01T00:00:00,13.20244310742857,4.301761988571428,7.701004984096494,115.73261627971884,37.709245591817144,67.50700969058987
1588377600,2020-05-02T00:00:00,13.523186341714284,4.210810839285714,7.816549084594281,118.54425147146742,36.91196781717857,68.51986927555348
1588464000,2020-05-03T00:00:00,14.116830224571428,4.1831587418571425,8.082521989967244,123.74813374859313,36.66956953111971,70.85138776405286
1588550400,2020-05-04T00:00:00,14.514571897714285,4.104280577071428,8.238365489449265,127.23473725536341,35.978123538608145,72.21751188051225
1588636800,2020-05-05T00:00:00,14.86690974342857,3.973070185714285,8.351923247927399,130.32333081089487,34.82793324797143,73.21295919133159
1588723200,2020-05-06T00:00:00,15.280648091999998,3.8680331291428565,8.503789299350753,133.950161174472,33.90717841006629,74.54421699810871
1588809600,2020-05-07T00:00:00,15.720610124571428,3.782598123714286,8.67519762660578,137.80686835199313,33.158255152479434,76.04678239482625
1588896000,2020-05-08T00:00:00,15.931716936,3.636934257214286,8.703781960731009,139.657430660976,31.881365698740428,76.29735266776801
1588982400,2020-05-09T00:00:00,16.01042644457143,3.600556856357143,8.67596670574232,140.34739821311314,31.562481402826712,76.05352414253717
1589068800,2020-05-10T00:00:00,16.352019689142857,3.6125888565,8.775662719029857,143.34180459502628,31.667953916079,76.92745939501573
1589155200,2020-05-11T00:00:00,16.626750831428573,3.6140683405714285,8.84521052516943,145.75009778830287,31.68092307344914,77.53711546363523
1589241600,2020-05-12T00:00:00,16.597561071428572,3.5737897065000004,8.763770219110317,145.49422035214283,31.327840567178992,76.82320974072104
1589328000,2020-05-13T00:00:00,16.068228910285715,3.4543237127357145,8.473610846376483,140.85409462756456,30.280601665841267,74.27967267933624
1589414400,2020-05-14T00:00:00,15.569145704571428,3.341684663914286,8.200032778496784,136.47913124627314,29.293207763872626,71.8814873363028
1589500800,2020-05-15T00:00:00,15.161632446857142,3.3007238469857145,8.04658180274099,132.9068700291497,28.93414524267677,70.5363360828275
1589587200,2020-05-16T00:00:00,14.770174704,3.2665891222714287,7.897028800025775,129.475351455264,28.634920245831342,69.22535446102594
1589673600,2020-05-17T00:00:00,13.384958152799998,3.0344789633142857,7.2518233544285575,117.3325431674448,26.60024259241303,63.56948352492073
1589760000,2020-05-18T00:00:00,12.5562503448,2.9354942307428575,6.91551333465313,110.06809052251678,25.732542426691882,60.621389891569336
1589846400,2020-05-19T00:00:00,11.695860201942855,2.8296791423142857,6.561355174803672,102.52591053023107,24.80496736152703,57.516839462328996
1589932800,2020-05-20T00:00:00,11.259080621142857,2.7932817023357144,6.37792315460436,98.6971007249383,24.485907402674872,55.90887437326183
1590019200,2020-05-21T00:00:00,11.01363894685714,2.824466412557143,6.323731025566898,96.54555900814971,24.759272572475915,55.433826170119424
1590105600,2020-05-22T00:00:00,10.390426415999999,2.7539342478642856,6.045155258710587,91.082477962656,24.140987616778325,52.991830997857
1590192000,2020-05-23T00:00:00,9.79488733885714,2.70565872525,5.80385903945494,85.86198241242172,23.717804385541502,50.876628339862
1590278400,2020-05-24T00:00:00,9.557526084342856,2.729677104557143,5.7358215111448345,83.7812736553495,23.928349498547913,50.28021136669561
1590364800,2020-05-25T00:00:00,8.959863470914286,2.69382199995,5.504997099181482,78.54216318603463,23.6140436515617,48.25680457142487
1590451200,2020-05-26T00:00:00,8.562618882342857,2.69913449895,5.378430005090054,75.0599171226175,23.660613017795697,47.147317424619416
1590537600,2020-05-27T00:00:00,8.42355525,2.772108451907143,5.405598693519023,73.8408853215,24.300302689418015,47.38547814738775
1590624000,2020-05-28T00:00:00,8.10669225,2.772108451907143,5.302864021206945,71.06326426350002,24.300302689418015,46.48490600990009
1590710400,2020-05-29T00:00:00,8.051705292857143,2.8234439910000004,5.347837750937331,70.58124859718572,24.750310025105996,46.87914572471665
1590796800,2020-05-30T00:00:00,8.226348750000001,2.942159157257143,5.534526595322808,72.1121731425,25.790967172516112,48.515660134599734
1590883200,2020-05-31T00:00:00,8.434360392857144,3.0512448861214287,5.721807613770636,73.93560320378573,26.747212671740442,50.1573655423134
1590969600,2020-06-01T00:00:00,8.514179142857143,3.0801204073714286,5.7759560625206365,74.63529436628572,27.000335491017946,50.6320308440559
1591056000,2020-06-02T00:00:00,8.558524071428572,3.0961627899857147,5.800523176673531,75.02402201014287,27.140963017014773,50.84738616672018
1591142400,2020-06-03T00:00:00,8.567398714285714,3.0993733130571433,5.8005998891988435,75.10181712942858,27.169106462258917,50.848058628717055
1591228800,2020-06-04T00:00:00,8.6821845,3.1408986363,5.872314608444746,76.10802932700001,27.5331174458058,51.47670985762664
1591315200,2020-06-05T00:00:00,8.9959485,3.2544070419,6.078226356449551,78.85848455100002,28.528132129295404,53.28173224063676
1591401600,2020-06-06T00:00:00,9.189281357142859,3.3243478393285715,6.201779067917376,80.55324037671429,29.141233159554258,54.364795309363714
1591488000,2020-06-07T00:00:00,9.138166714285715,3.3058564202571428,6.160935607231617,80.10516941742857,28.979137379974112,54.006761532992364
1591574400,2020-06-08T00:00:00,9.253089214285714,3.347431201757143,6.2326141390177625,81.11258005242858,29.343581914603114,54.6350955426297
1591660800,2020-06-09T00:00:00,9.396255,3.3992233769999998,6.329046484972975,82.36757133,29.797592122782003,55.48042148727309
1591747200,2020-06-10T00:00:00,9.602865,3.4305739429285715,6.409338946928126,84.17871459000001,30.07241118371186,56.18426520877197
1591833600,2020-06-11T00:00:00,9.941940804,3.5071873414285717,6.564578588219733,87.15105308786401,30.74400423496286,57.54509590433419
1591920000,2020-06-12T00:00:00,9.932435089714286,3.460619834142857,6.499660912863037,87.06772599643543,30.335793466096284,56.97602756215738
1592006400,2020-06-13T00:00:00,9.74227473257143,3.3500209384285715,6.314854313715725,85.40078030572116,29.36628354626486,55.35601291403204
1592092800,2020-06-14T00:00:00,9.955111875428571,3.3820366326428575,6.397187186533961,87.26651070000686,29.646933121747285,56.0777428771567
1592179200,2020-06-15T00:00:00,9.862950161142859,3.3121819608000003,6.285569411039513,86.45862111257829,29.034587068372797,55.09930145717238
1592265600,2020-06-16T00:00:00,9.949926589714284,3.302217827442857,6.287945318612725,87.22105648543541,28.947241475364084,55.12012866295914
1592352000,2020-06-17T00:00:00,9.895885433142857,3.2865745217999995,6.247695563328167,86.74733170693028,28.810112258098798,54.76729930813472
1592438400,2020-06-18T00:00:00,9.417675736285714,3.1596275402785716,5.9987393428751705,82.55534550428057,27.697295018081956,52.58494907964374
1592524800,2020-06-19T00:00:00,9.30950109342857,3.163622573635714,5.984390922247312,81.60708658499486,27.732315480490676,52.459170824419935
1592611200,2020-06-20T00:00:00,9.189720736285716,3.162096189492857,5.960430391479567,80.55709197428057,27.718935197094385,52.24913281170988
1592697600,2020-06-21T00:00:00,9.047845379142858,3.1557518889214284,5.925895331773298,79.3134125935663,27.663321058285245,51.946398478324745
1592784000,2020-06-22T00:00:00,9.159088164857142,3.23250939855,6.050365566897088,80.28856685313772,28.336177387689304,53.03750455941988
1592870400,2020-06-23T00:00:00,9.24600995057143,3.305383582264286,6.165122483184882,81.05052322670915,28.97499248212873,54.043463687598674
1592956800,2020-06-24T00:00:00,9.14609967857143,3.308726278264286,6.160549072143631,80.17470978235716,29.004294555264728,54.003373166411066
1593043200,2020-06-25T00:00:00,9.241440214285715,3.3689472490714283,6.263869966140071,81.01046491842858,29.532191585360145,54.90908412318385
1593129600,2020-06-26T00:00:00,9.352919142857145,3.439203556071429,6.3844394809666465,81.98768920628572,30.148058372522144,55.96599649015362
1593216000,2020-06-27T00:00:00,9.292559785714287,3.4425505157142857,6.382053452850387,81.45857908157143,30.17739782075143,55.945080567686496
1593302400,2020-06-28T00:00:00,9.253890857142858,3.4559340906428573,6.397605323828938,81.11960725371429,30.294718238575285,56.08140826868446
1593388800,2020-06-29T00:00:00,9.185977897714285,3.4626237462857143,6.376643953167418,80.52428225136343,30.35335975994057,55.89766089346559
1593475200,2020-06-30T00:00:00,8.983201392,3.4258199811428574,6.265364351836699,78.746743402272,30.030737954698285,54.922183908200516
1593561600,2020-07-01T00:00:00,9.084501798857143,3.5027488892142853,6.361483460658732,79.6347427687817,30.70509676285243,55.76476401613445
1593648000,2020-07-02T00:00:00,9.255551314285713,3.5796777972857146,6.469404864666669,81.13416282102857,31.37945557100657,56.710803043668015
1593734400,2020-07-03T00:00:00,9.216941561142857,3.5763137830714284,6.429533514797621,80.7957097249783,31.349966622404146,56.36129079071594
1593820800,2020-07-04T00:00:00,9.354294301714287,3.6398591162142857,6.514231849003971,81.99974384882742,31.90700501273443,57.1037563883688
1593907200,2020-07-05T00:00:00,9.438088834285713,3.6833312187857143,6.5606908730833355,82.73428672134857,32.28808146387558,57.511016193448526
1593993600,2020-07-06T00:00:00,9.467854950857143,3.7134240100714284,6.599628740014883,82.99521649921371,32.55187487228614,57.85234553497047
1594080000,2020-07-07T00:00:00,9.55214949942857,3.7602473359285713,6.676758668184526,83.73414251199085,32.96232814674986,58.52846648530555
1594166400,2020-07-08T00:00:00,9.424677949714285,3.7234478344285717,6.605831773144347,82.61672690719543,32.639743716600854,57.906721323383344
1594252800,2020-07-09T00:00:00,9.388500205714285,3.7234478344285717,6.596160974717264,82.29959280329142,32.639743716600854,57.82194710437153
1594339200,2020-07-10T00:00:00,9.335866930285714,3.7167581787857142,6.574749486096728,81.83820951088457,32.58110219523557,57.63425399512391
1594425600,2020-07-11T00:00:00,9.32730280457143,3.713411219142857,6.568786887763395,81.76313638487315,32.551762747006286,57.58198585813392
1594512000,2020-07-12T00:00:00,9.233141060571427,3.6766117176428574,6.503228688763394,80.93771453696914,32.229178316857286,57.00730268569992
1594598400,2020-07-13T00:00:00,9.239953974857142,3.6793447127142858,6.508049337848216,80.99743654359771,32.25313575165343,57.04956049557746
1594684800,2020-07-14T00:00:00,9.21699626057143,3.6701352441428576,6.491805028919645,80.79618922016914,32.172405550156284,56.907162883509606
1594771200,2020-07-15T00:00:00,9.222459346285714,3.6723267565714286,6.495670572803574,80.84407862954058,32.19161634810514,56.94104824119612
1594857600,2020-07-16T00:00:00,9.101166089142856,3.6236700642857143,6.409846473964287,79.78082193742628,31.76509178352857,56.18871419077094
1594944000,2020-07-17T00:00:00,8.839926432,3.5188739865,6.224999775281252,77.49079510291199,30.846449365658998,54.56834803011545
1595030400,2020-07-18T00:00:00,8.695954388571428,3.4749243559285716,6.138279337053572,76.22873617021715,30.461186904069855,53.808156668611616
1595116800,2020-07-19T00:00:00,8.595389485714284,3.4480335604285712,6.08188430388393,75.34718423177142,30.225462190716854,53.31379780784652
1595203200,2020-07-20T00:00:00,8.554820914285713,3.4484812429285716,6.073958068979697,74.99156013462857,30.229386575511853,53.24431643267601
1595289600,2020-07-21T00:00:00,8.343738514285715,3.3786299819999996,5.9430226239112915,73.14121181622856,29.617070422212002,52.09653632120638
1595376000,2020-07-22T00:00:00,8.398720114285714,3.4006858065000003,5.981926239692541,73.62318052182857,29.810411779779,52.43756541714482
1595462400,2020-07-23T00:00:00,8.398720114285714,3.4006858065000003,5.981926239692541,73.62318052182857,29.810411779779,52.43756541714481
1595548800,2020-07-24T00:00:00,8.792806285714287,3.558773156357143,6.260771835272899,77.07773990057142,31.196205488626713,54.88192590800223
1595635200,2020-07-25T00:00:00,8.902790742857144,3.602893332642857,6.338594107862185,78.0418636518857,31.582962953947288,55.56411594951991
1595721600,2020-07-26T00:00:00,9.150234514285714,3.702155202,6.513679180161292,80.21095575222856,32.453092500732005,57.09891169329388
1595808000,2020-07-27T00:00:00,9.261026057142857,3.729877407857143,6.571293447052133,81.18215441691427,32.69610535727572,57.60395835685899
1595894400,2020-07-28T00:00:00,9.50554577142857,3.7880889237857147,6.72485164500169,83.32561423234286,33.20638750590557,58.95004952008482
1595980800,2020-07-29T00:00:00,9.566985085714284,3.7871637132857146,6.767266465693656,83.86419126137142,33.19827711066257,59.32185783827058
1596067200,2020-07-30T00:00:00,9.580416857142856,3.769226567785714,6.77580528704368,83.98193416971428,33.041040093209574,59.39670914622489
1596153600,2020-07-31T00:00:00,9.615080871428571,3.7236524892857146,6.750825457969902,84.28579891894286,32.64153772107857,59.17773596456414
1596240000,2020-08-01T00:00:00,9.665944199999998,3.690796857428572,6.742485108081978,84.7316668572,32.35352525221886,59.10462445744662
1596326400,2020-08-02T00:00:00,9.6096579,3.6134032122857143,6.6536850632810856,84.23826115140001,31.675092558896576,58.32620326472199
1596412800,2020-08-03T00:00:00,9.847344214285714,3.645772788857143,6.765599032697156,86.32181938242857,31.958844267121716,59.30724112062327
1596499200,2020-08-04T00:00:00,10.055521928571427,3.645772788857143,6.793670995926334,88.14670522585713,31.95884426712172,59.553319950290245
1596585600,2020-08-05T00:00:00,10.063411928571428,3.5779254400714287,6.693316589984156,88.21586896585714,31.364094407666148,58.67361322780112
1596672000,2020-08-06T00:00:00,10.534205442857143,3.6529143906428567,6.874300141706704,92.34284491208572,32.02144754837529,60.26011504220096
1596758400,2020-08-07T00:00:00,10.742569371428571,3.6493457215714287,6.911286153503695,94.16936310994286,31.99016459529514,60.5843344216134
1596844800,2020-08-08T00:00:00,10.995799371428571,3.667201857857143,6.985364350780011,96.38917728994285,32.146691485975715,61.23370389893757
1596931200,2020-08-09T00:00:00,11.423827585714283,3.7207660030714287,7.146400926689533,100.14127261637144,32.616234782924145,62.645350523360456
1597017600,2020-08-10T00:00:00,11.425567585714287,3.6323039410714286,7.0360632895117545,100.15652545637143,31.840776347432147,61.67813079586004
1597104000,2020-08-11T00:00:00,11.671355442857143,3.667713495,7.140769964004499,102.31110181208571,32.15117649717,62.59598950446343
1597190400,2020-08-12T00:00:00,12.124626514285712,3.771030088714286,7.375325433768898,106.28447602422857,33.05684975766943,64.65210275241816
1597276800,2020-08-13T00:00:00,12.118983214285715,3.742015999071429,7.3435748701372985,106.23500685642856,32.80251224786014,64.37377731162357
1597363200,2020-08-14T00:00:00,12.360099642857142,3.7991232315,7.468670337689679,108.34863346928572,33.303114247329,65.47036418018773
1597449600,2020-08-15T00:00:00,12.528876642857142,3.8524272945,7.572383804189679,109.82813265128571,33.770377663587006,66.37951642752674
1597536000,2020-08-16T00:00:00,12.437878285714286,3.841371668571429,7.537888906701585,109.03044105257142,33.67346404669714,66.07713415614609
1597622400,2020-08-17T00:00:00,12.303941142857141,3.8003724788571427,7.457161335095236,107.85634805828572,33.314065149661715,65.36947626344484
1597708800,2020-08-18T00:00:00,12.13965364285714,3.7500828113571427,7.358140774873013,106.41620383328572,32.87322592435671,64.50146203253684
1597795200,2020-08-19T00:00:00,11.916699,3.681834680142857,7.22375992642222,104.461783434,32.27496280613229,63.32347951501718
1597881600,2020-08-20T00:00:00,11.904957214285714,3.6782404292142856,7.216682831698411,104.35885494042859,32.24345560249243,63.26144170266826
1597968000,2020-08-21T00:00:00,11.764139357142856,3.635134999928572,7.131808065793649,103.12444560471428,31.865593409373854,62.51742950474712
1598054400,2020-08-22T00:00:00,11.585768785714285,3.5632926177857143,7.003411358740474,101.56084917557142,31.235823087509573,61.39190397071899
1598140800,2020-08-23T00:00:00,11.699317500000001,3.5812510815,7.051497971955554,102.55621720500001,31.393246980429,61.81343122216237
1598227200,2020-08-24T00:00:00,11.968505142857142,3.6805214781428575,7.23418219468968,104.9159160822857,32.263451277400286,63.41484111864973
1598313600,2020-08-25T00:00:00,11.833891928571429,3.653971774071429,7.1708029678579335,103.73589664585714,32.03071657151014,62.859258816242644
1598400000,2020-08-26T00:00:00,11.887704857142856,3.6867037602857144,7.222935304593648,104.20762077771428,32.31764516266457,63.31625088006792
1598486400,2020-08-27T00:00:00,11.694468214285715,3.6423235017857145,7.124360884559522,102.51370836642856,31.92860781665357,62.45214751404877
1598572800,2020-08-28T00:00:00,11.796237642857141,3.6921399049285712,7.208310968911903,103.40581917728571,32.365298406603856,63.188053953481734
1598659200,2020-08-29T00:00:00,11.920662214285715,3.7469447702142853,7.303557858965078,104.49652497042857,32.845717855698425,64.02298819168787
1598745600,2020-08-30T00:00:00,11.574778499999997,3.6556090129285717,7.112701388249997,101.464508331,32.04506860733186,62.34994036939948
1598832000,2020-08-31T00:00:00,11.573003218285715,3.665539037142857,7.119602107011626,101.44894621149255,32.13211519959428,62.41043207006391
1598918400,2020-09-01T00:00:00,11.84525622,3.7622938845,7.295106300593021,103.83551602451999,32.980268191526996,63.94890183099843
1599004800,2020-09-02T00:00:00,11.836939139999998,3.7697382049285713,7.297667411808139,103.76260850124,33.04552510440386,63.97135253191014
1599091200,2020-09-03T00:00:00,11.764557925714286,3.7697382049285713,7.276419695721404,103.12811477681144,33.04552510440386,63.785095052693826
1599177600,2020-09-04T00:00:00,11.358897068571428,3.665543300785714,7.051452153326847,99.57209170309716,32.132152574687574,61.81302957606314
1599264000,2020-09-05T00:00:00,11.22086856857143,3.646936763357143,6.992025208624464,98.36213387209715,31.96904766758871,61.29209297880207
1599350400,2020-09-06T00:00:00,11.399412730285716,3.732529393714285,7.122108938053908,99.92725199368456,32.71935266529943,62.43240695098057
1599436800,2020-09-07T00:00:00,11.453181440571429,3.821157737785714,7.250659479127996,100.39858850804914,33.496268729429566,63.55928099403601
1599523200,2020-09-08T00:00:00,11.247904510285712,3.8179173692142854,7.207494931360885,98.59913093716457,33.46786365853243,63.180900568309525
1599609600,2020-09-09T00:00:00,11.097261876000001,3.8298299873571433,7.194906038052912,97.278597605016,33.57228966917271,63.070546329571826
1599696000,2020-09-10T00:00:00,11.255311518857141,3.930648086357143,7.361744114975361,98.6640607743017,34.45606112500671,64.53304891187402
1599782400,2020-09-11T00:00:00,11.142783661714285,3.9356109666428574,7.349466649027063,97.67764157858744,34.49956573359128,64.42542464537124
1599868800,2020-09-12T00:00:00,11.288126161714285,4.035891846642857,7.513394933379444,98.95171393358744,35.37862792767128,65.8624199860042
1599955200,2020-09-13T00:00:00,11.259470357142856,4.073266939928572,7.570717741871429,98.70051715071429,35.70625799541385,66.36491172524494
1600041600,2020-09-14T00:00:00,11.260071428571427,4.073484385714286,7.571121894285715,98.70578614285714,35.70816412517143,66.36845452530858
1600128000,2020-09-15T00:00:00,11.270230714285715,4.077159645857143,7.577952862542858,98.79484244142857,35.740381455583716,66.4283347930507
1600214400,2020-09-16T00:00:00,11.33121,4.099219734,7.618954521200001,99.32938686,35.933760188243994,66.78775533283921
1600300800,2020-09-17T00:00:00,11.435797500000001,4.1727505187142855,7.7442910360538475,100.246200885,36.578331047049424,67.88645522204801
1600387200,2020-09-18T00:00:00,11.618718214285712,4.2720123880714285,7.918279785319782,101.84968386642856,37.44846059383415,69.4116405981132
1600473600,2020-09-19T00:00:00,11.322708857142857,4.194806343214286,7.765297471848354,99.25486584171428,36.771672404616425,68.07059763822267
1600560000,2020-09-20T00:00:00,11.187959142857142,4.177606807928571,7.723315710797804,98.0736498462857,36.62090127830186,67.70258552085355
1600646400,2020-09-21T00:00:00,10.950667714285714,4.1241407265,7.613664421435167,95.99355318342857,36.152217608498994,66.74138231830067
1600732800,2020-09-22T00:00:00,10.745444357142857,4.078703084571429,7.520069109517585,94.19456523471429,35.753911239353144,65.92092581403114
1600819200,2020-09-23T00:00:00,10.689454285714286,4.090155229285714,7.531289805164837,93.70375626857142,35.85430073991857,66.01928643207496
1600905600,2020-09-24T00:00:00,10.444913142857143,3.996585323142857,7.358997547120881,91.56010861028572,35.034066942670286,64.50897249806164
1600992000,2020-09-25T00:00:00,10.667636571428572,4.081807016571429,7.515918063560441,93.51250218514285,35.78112030726514,65.88453774517083
1601078400,2020-09-26T00:00:00,10.840818857142859,4.148072553857143,7.63793420657143,95.03061810171428,36.362004007111715,66.95413125480516
1601164800,2020-09-27T00:00:00,10.955445428571428,4.191932647928572,7.718694730516485,96.03543462685714,36.74648159174186,67.6620780077075
1601251200,2020-09-28T00:00:00,10.769830553142857,4.126434566357143,7.5736963443791225,94.40833462885028,36.17232540868672,66.39102215482738
1601337600,2020-09-29T00:00:00,10.88242608685714,4.175555995714285,7.6374800967848,95.39534707738972,36.60292385843143,66.95015052841556
1601424000,2020-09-30T00:00:00,10.997288002285714,4.232867883,7.703008149890609,96.40222662803657,37.105319862377996,67.52456944194108
1601510400,2020-10-01T00:00:00,10.796973545142858,4.179649092857143,7.5647558697849195,94.64627009672226,36.638803947985714,66.31264995453462
1601596800,2020-10-02T00:00:00,10.376768345142855,4.044559832571428,7.253322268816106,90.96275131352228,35.45461149232114,63.582623008441985
1601683200,2020-10-03T00:00:00,10.312903830857142,4.048652929714286,7.191253713789672,90.4029149812937,35.490491581875425,63.03853005508027
1601769600,2020-10-04T00:00:00,10.297868002285714,4.072729720928572,7.16280954422953,90.27111090803656,35.70154873365986,62.78918846471606
1601856000,2020-10-05T00:00:00,10.359633963428573,4.117267734214286,7.204734468192851,90.81255132341485,36.09196895812243,63.156702348178534
1601942400,2020-10-06T00:00:00,10.192406201142857,4.071783192214285,7.087773742725991,89.34663275921828,35.693251462950435,62.131424628736035
1602028800,2020-10-07T00:00:00,10.097950628571429,4.0507847511428565,7.0195651609385665,88.51863521005714,35.509179128518284,61.53350820078747
1602115200,2020-10-08T00:00:00,10.484320457142857,4.205776696285715,7.270602779382242,91.90555312731429,36.86783851964058,63.73410396406473
1602201600,2020-10-09T00:00:00,10.582595328,4.229836432928571,7.321623045364359,92.767030645248,37.07874617105186,64.18134761566397
1602288000,2020-10-10T00:00:00,10.538270838857143,4.196584282285714,7.273633648357246,92.37848217342172,36.78725781851658,63.760672561499625
1602374400,2020-10-11T00:00:00,10.407981229714286,4.122891479142857,7.1647209099064,91.23636345967542,36.14126670616629,62.805943496239514
1602460800,2020-10-12T00:00:00,10.5565968,4.1597037715714285,7.248028453465058,92.5391275488,36.46396326159515,63.536217423074696
1602547200,2020-10-13T00:00:00,11.005552457142857,4.306948677642857,7.555267419903005,96.47467283931428,37.75471210821729,66.22947420286975
1602633600,2020-10-14T00:00:00,11.05867782857143,4.298771010642858,7.588428285959817,96.94036984525714,37.68302667929528,66.52016235472377
1602720000,2020-10-15T00:00:00,11.021011885714286,4.253776787571429,7.558578361301056,96.61019019017142,37.288607319851145,66.25849791516507
1602806400,2020-10-16T00:00:00,11.191744786285714,4.306952941285714,7.690279576544164,98.10683479658057,37.75474948331057,67.41299076798614
1602892800,2020-10-17T00:00:00,11.395450361142858,4.372659941357143,7.844866820876244,99.89251786577827,38.330737045936715,68.76810255180116
1602979200,2020-10-18T00:00:00,11.243796370285713,4.3086413438571425,7.755187718770279,98.56311898192457,37.769550020251714,67.98197554274027
1603065600,2020-10-19T00:00:00,11.052321428571428,4.229000758928572,7.638959049744899,96.88464964285713,37.071420652767856,66.96311503006379
1603152000,2020-10-20T00:00:00,10.872932571428569,4.1603603725714295,7.514972053659865,95.31212692114286,36.46971902596114,65.87624502238238
1603238400,2020-10-21T00:00:00,10.720175142857142,4.101910092642857,7.409391723867349,93.97305530228572,35.95734387210728,64.95072785142118
1603324800,2020-10-22T00:00:00,10.623588857142858,4.0649528363571426,7.342634827037417,93.12637992171429,35.63337656350671,64.36553689381
1603411200,2020-10-23T00:00:00,10.501495714285713,3.986203352785714,7.20978190590674,92.05611143142856,34.94305859051957,63.20094818717849
1603497600,2020-10-24T00:00:00,10.581983357142857,3.9798334703571427,7.20917615714539,92.76166610871428,34.887220201150704,63.19563819353648
1603584000,2020-10-25T00:00:00,10.623524142857145,3.967119287357143,7.194600616801061,93.12581263628572,34.77576767297271,63.0678690068781
1603670400,2020-10-26T00:00:00,10.527668142857143,3.9035441087142857,7.087651452130044,92.28553894028572,34.218467656989425,62.13035262937196
1603756800,2020-10-27T00:00:00,10.092471428571429,3.7128151618714287,6.7502321379774886,88.47060454285716,32.54653770896494,59.17253492151066
1603843200,2020-10-28T00:00:00,9.930584999999999,3.5856660836785714,6.545327745675175,87.05150811,31.431948889526357,57.37634301858859
1603929600,2020-10-29T00:00:00,9.79340442857143,3.462753787392857,6.350057872192181,85.84898322085714,30.35449970028579,55.66460730763667
1604016000,2020-10-30T00:00:00,9.748238571428573,3.377984040107143,6.235262399633901,85.45305931714287,29.61140809557921,54.65831019519077
1604102400,2020-10-31T00:00:00,9.532025357142857,3.2126868701785716,5.9852060513357275,83.55773428071429,28.16241310398536,52.46631624600899
1604188800,2020-11-01T00:00:00,9.918641571428571,3.2465913581785713,6.115797918643612,86.94681201514287,28.45961984579336,53.6110845548299
1604275200,2020-11-02T00:00:00,10.0174721484,3.1830157531714285,6.070343022629295,87.81316085287439,27.90231609230074,53.21262693636839
1604361600,2020-11-03T00:00:00,10.710627291257142,3.2901261362999996,6.381281742230451,93.88935883516011,28.841245710805797,55.93831575239212
1604448000,2020-11-04T00:00:00,11.422868434114283,3.4320274187785715,6.7466254258007154,100.13286469344584,30.085152353012955,59.14091848256906
1604534400,2020-11-05T00:00:00,11.987800576971429,3.4973251091357147,6.998441073196706,105.08505985773152,30.65755190668367,61.34833444764231
1604620800,2020-11-06T00:00:00,12.624198318685712,3.571256676278572,7.277723608436106,110.66372246159897,31.305636024257957,63.796525151550895
1604707200,2020-11-07T00:00:00,13.088358975257142,3.6118081834928577,7.476156850927025,114.73255477710411,31.661110536498388,65.5359909552263
1604793600,2020-11-08T00:00:00,13.248561001542855,3.573030351707143,7.502863686234828,116.13688573952467,31.321184063064816,65.7701030735345
1604880000,2020-11-09T00:00:00,14.601575941714286,3.828636167357143,8.139375200494992,127.99741470506743,33.56182464305271,71.3497630075391
1604966400,2020-11-10T00:00:00,14.943031441714286,3.8249694345000003,8.222693110928681,130.9906136180674,33.529682062827,72.08012781040081
1605052800,2020-11-11T00:00:00,15.164842141714287,3.782273314928571,8.24028933464877,132.93500621426742,33.15540787866386,72.23437630753112
1605139200,2020-11-12T00:00:00,15.627348209142855,3.8285295762857143,8.411946886251243,136.98933440134627,33.56089026572057,73.7391264048784
1605225600,2020-11-13T00:00:00,15.593093720571428,3.7787174367857146,8.34458682098037,136.68905955452914,33.12423705086356,73.14864807271394
1605312000,2020-11-14T00:00:00,15.701250447428569,3.7644853969285714,8.355010407520556,137.63716142215884,32.999478989475854,73.24002123232519
1605398400,2020-11-15T00:00:00,16.040970394285715,3.807185780142857,8.490824945143535,140.61514647630855,33.37379054873228,74.43057146912824
1605484800,2020-11-16T00:00:00,15.86462754,3.7276645772142865,8.396387033503975,139.06932501564,32.67670768386043,73.60272873569586
1605571200,2020-11-17T00:00:00,16.264582491428573,3.790165317857143,8.599606650321162,142.57533011986285,33.22458917633571,75.3841518967153
1605657600,2020-11-18T00:00:00,16.845175568571428,3.8974215175714284,8.892960116583408,147.66480903409712,34.16479702303114,77.95568838197016
1605744000,2020-11-19T00:00:00,16.701343301142856,3.8390778287142857,8.804848456515348,146.40397537781828,33.653356246509425,77.18330156981354
1605830400,2020-11-20T00:00:00,17.385810716571427,3.971071684285714,9.153381934579368,152.4040167414651,34.81041438444857,80.23854603852273
1605916800,2020-11-21T00:00:00,18.041635681714286,4.096115802,9.486637543164194,158.1529783859074,35.906551120332,83.15986470337734
1606003200,2020-11-22T00:00:00,18.65970630857143,4.211345013857143,9.799437093793404,163.57098550093716,36.91665039147171,85.90186556419299
1606089600,2020-11-23T00:00:00,18.524651485714287,4.180864231071428,9.728510937780216,162.38709492377143,36.64945584957214,85.28012688058139
1606176000,2020-11-24T00:00:00,18.177634834285715,4.102545375428572,9.546269706865932,159.3451469573486,35.962912761006855,83.68260025038676
1606262400,2020-11-25T00:00:00,17.9462904,4.050332805000001,9.424775552923075,157.3171816464,35.50521736863,82.61758249692367
1606348800,2020-11-26T00:00:00,18.161104834285716,4.098814687928572,9.537588718404393,159.20024497734858,35.93020955438186,83.6065027055329
1606435200,2020-11-27T00:00:00,17.92974150857143,4.0465978538571425,9.416084643331866,157.17211406413713,35.47247678691172,82.54139798344713
1606521600,2020-11-28T00:00:00,17.681867074285712,3.9906545959285715,9.28590950092747,154.9992467731886,34.982078187909856,81.4002826851302
1606608000,2020-11-29T00:00:00,17.37172649142857,3.9206583711428573,9.123034315129667,152.28055442386287,34.36849128143829,79.97251880642668
1606694400,2020-11-30T00:00:00,16.975459885714287,3.8312241985714293,8.91492869916483,148.80688135817144,33.584511324677145,78.14826497687893
1606780800,2020-12-01T00:00:00,17.462594262857145,3.9411664932857144,9.170754948843953,153.07710130820573,34.548265480142575,80.39083788156609
1606867200,2020-12-02T00:00:00,17.257943417142858,3.8949784502142855,9.06327935112527,151.28313199467428,34.14338109457843,79.44870679196413
1606953600,2020-12-03T00:00:00,17.603675451428572,3.973007378142857,9.244845945221973,154.31381900722286,34.82738267680029,81.04031955581584
1607040000,2020-12-04T00:00:00,17.64943049142857,3.983333921142857,9.268874921283514,154.71490768786288,34.917905152738285,81.25095755997128
1607126400,2020-12-05T00:00:00,17.69518553142857,3.993660464142857,9.292903897345052,155.11599636850286,35.008427628676294,81.46159556412672
1607212800,2020-12-06T00:00:00,17.576660708571428,3.9669103688571425,9.230658729793403,154.07700777133712,34.77393629340172,80.915954425369
1607299200,2020-12-07T00:00:00,18.242300194285715,4.117139824928572,9.580229733727469,159.91200350310856,36.09084770532386,83.98029384585502
1607385600,2020-12-08T00:00:00,18.0983664,4.08465513,9.504640646769229,158.65027986240003,35.80608686958,83.31767990957906
1607472000,2020-12-09T00:00:00,18.242300194285715,4.117139824928572,9.580229733727469,159.91200350310856,36.09084770532386,83.980293845855
1607558400,2020-12-10T00:00:00,17.756563782857143,4.007513039785715,9.325137647643954,155.6540381205257,35.129859306761574,81.74415661924691
1607644800,2020-12-11T00:00:00,17.64861816,3.9831505845,9.26844831270769,154.70778679056,34.916298023727,81.24721790919561
1607731200,2020-12-12T00:00:00,17.432745805714287,3.9344299375714287,9.155079563964833,152.8154497328914,34.48921283275114,80.25342745771572
1607817600,2020-12-13T00:00:00,17.788433622857145,4.014705805285715,9.341874593397801,155.93340913796573,35.19291108913457,81.89087268572511
1607904000,2020-12-14T00:00:00,17.632163725714285,3.9794369515714285,9.259807008764833,154.56354721961142,34.88374431747514,81.17146823883252
1607990400,2020-12-15T00:00:00,17.496183222857145,3.948747250285714,9.1883947173978,153.37154213156572,34.61471839600457,80.54546809270911
1608076800,2020-12-16T00:00:00,17.502738548571426,3.9502267343571433,9.191837349393404,153.42900611677715,34.62768755337471,80.57564620478259
1608163200,2020-12-17T00:00:00,17.42575597714286,3.9328523897142857,9.151408745986812,152.7541768956343,34.475384048235426,80.22124906732039
1608249600,2020-12-18T00:00:00,17.881885097142856,3.993796900714286,9.312134630971427,156.75260476155427,35.00962363166143,81.63017217509552
1608336000,2020-12-19T00:00:00,18.464657382857144,4.0830562639285715,9.538867191476921,161.86118661812569,35.79207120959786,83.61770980048671
1608422400,2020-12-20T00:00:00,18.488749191428575,4.048098656142857,9.475714256706592,162.07237541206285,35.48563281974828,83.06411117428998
1608508800,2020-12-21T00:00:00,18.674775092571426,4.012484447357143,9.445468275216353,163.7030784614811,35.173438665532714,82.79897490054654
1608595200,2020-12-22T00:00:00,19.088892661714283,4.024354429071429,9.528422703572913,167.33323307258743,35.277490925240144,83.52615341952016
1608681600,2020-12-23T00:00:00,19.781836410857146,4.067881958999999,9.710398054803905,173.4075779775737,35.659053252594,85.12134934841103
1608768000,2020-12-24T00:00:00,20.13838013657143,4.056007713642857,9.748787086141698,176.53304027718514,35.554963617793284,85.45786759711812
1608854400,2020-12-25T00:00:00,20.32414436742857,4.004562598928572,9.706513732815168,178.16144952487886,35.10399574220786,85.08729938185776
1608940800,2020-12-26T00:00:00,20.339319396,3.9214641996428568,9.585782354345781,178.29447382533598,34.375555174069284,84.0289681181951
1609027200,2020-12-27T00:00:00,20.913654456,3.9095345269285713,9.662168485453426,183.329094961296,34.270979663055854,84.69856894348473
1609113600,2020-12-28T00:00:00,21.91481706342857,4.002115267928572,9.982006514325624,192.10528637801485,35.08254243866186,87.50226910457843
1609200000,2020-12-29T00:00:00,22.589063747999997,4.035456955071429,10.153439521777306,198.015732814968,35.37481566815614,89.00505084789987
1609286400,2020-12-30T00:00:00,23.398079118857144,4.104114396,10.401322323138073,205.1075615559017,35.976666795336,91.17799148462834
1609372800,2020-12-31T00:00:00,24.924562443428574,4.2599164332857145,10.889720619937867,218.48871437909483,37.34242745418258,95.45929095437535
1609459200,2021-01-01T00:00:00,25.520331833142855,4.277474114571429,11.006457039972814,223.71122884933024,37.49633808833314,96.48260241240168
1609545600,2021-01-02T00:00:00,26.3179065,4.330611895500001,11.212979970524392,230.702768379,37.962143875953,98.29298242161681
1609632000,2021-01-03T00:00:00,27.091027954285714,4.3678761340714285,11.41768044877389,237.47995104726857,38.288802191270136,100.08738681395191
1609718400,2021-01-04T00:00:00,27.931750025142858,4.4191208575714285,11.643028345422698,244.84972072040227,38.73801343747114,102.06278647597537
1609804800,2021-01-05T00:00:00,28.536286983428575,4.4388316785,11.7785155351727,250.1490916967348,38.910798493731,103.25046718132386
1609891200,2021-01-06T00:00:00,29.202988762285713,4.458542499428572,11.924794457994127,255.99339949019654,39.083583549990855,104.53274821877652
1609977600,2021-01-07T00:00:00,29.496302758285715,4.466425975071429,12.006795209647747,258.56458997913256,39.15269009747614,105.25156680777215
1610064000,2021-01-08T00:00:00,29.685730165714286,4.462482105428571,12.050503693653619,260.22511063265136,39.11811813618686,105.63471537856762
1610150400,2021-01-09T00:00:00,29.752880760000004,4.439859216428571,12.044270715714285,260.81375274216,38.91980589121285,105.58007709395142
1610236800,2021-01-10T00:00:00,30.2327475,4.511467098214286,12.238525684523808,265.020264585,39.54752058294643,107.28291615053568
1610323200,2021-01-11T00:00:00,30.170003388,4.5021041385,12.213126225666665,264.470249699208,39.465444878091,107.06026449419399
1610409600,2021-01-12T00:00:00,30.354292788000002,4.529604634928572,12.287728461380949,266.08573057960797,39.706514229783856,107.71422769246541
1610496000,2021-01-13T00:00:00,30.12731682,4.495734256071429,12.19584626595238,264.09605924412,39.40960648872214,106.90878836733854
1610582400,2021-01-14T00:00:00,29.991771252,4.475507534357143,12.140976032428568,262.90786679503196,39.23229904617472,106.42779590026883
1610668800,2021-01-15T00:00:00,30.618726648000003,4.569064649571429,12.394773994952377,268.403757796368,40.052420718143146,108.65258883975255
1610755200,2021-01-16T00:00:00,31.083878808,4.638476755285715,12.583072351142855,272.48128163092804,40.66088723683457,110.30321223011825
1610841600,2021-01-17T00:00:00,30.322863588,4.524914627785714,12.275005599476188,265.81022221240795,39.66540162716957,107.60269908500827
1610928000,2021-01-18T00:00:00,30.059429748000003,4.485603840642857,12.168364884238093,263.50096117096797,39.320803267075284,106.66788657523112
1611014400,2021-01-19T00:00:00,30.088716048000002,4.489974074571428,12.180220278285713,263.757684876768,39.359112737693145,106.77181095945255
1611100800,2021-01-20T00:00:00,29.76673818,4.441927083214286,12.049880341190475,260.93522688588,38.93793281145643,105.6292510708757
1611187200,2021-01-21T00:00:00,29.239899072000004,4.363309772571428,11.836610476952377,256.316955265152,38.248773466361136,103.75972744096455
1611273600,2021-01-22T00:00:00,28.830119448,4.302160606714286,11.670727490190473,252.724827081168,37.712739878457434,102.3055971790097
1611360000,2021-01-23T00:00:00,29.123611032000003,4.345956746142858,11.78953588790476,255.29757430651196,38.09665683668828,103.34707159337313
1611446400,2021-01-24T00:00:00,29.341901112,4.378530977571429,11.877901946952377,257.211105147792,38.38220254939114,104.12168846698455
1611532800,2021-01-25T00:00:00,29.238527616,4.363105117714285,11.836055297523805,256.30493308185595,38.24697946188343,103.7548607380937
1611619200,2021-01-26T00:00:00,29.6391642,4.422889917857143,11.998237088095236,259.81691337719997,38.771053019935714,105.17654631424283
1611705600,2021-01-27T00:00:00,29.7120228,4.433762207142857,12.027730995238091,260.4555918648,38.86635950781429,105.43508990425711
1611792000,2021-01-28T00:00:00,30.224833056,4.5102860691428575,12.235321836571426,264.950886568896,39.53716768210628,107.25483121938511
1611878400,2021-01-29T00:00:00,30.593469,4.565295589285714,12.384549440476187,268.182349254,40.019381135678564,108.56296039521426
1611964800,2021-01-30T00:00:00,30.01974324,4.479681640714285,12.152299379523807,263.15306924184,39.26888926250143,106.52705636090569
1612051200,2021-01-31T00:00:00,30.167631912,4.501750256142857,12.21216622790476,264.449461340592,39.46234274534829,107.05184915381311
1612137600,2021-02-01T00:00:00,29.546533776,4.409067187714285,11.960739344190472,259.004915080416,38.64988296750342,104.84784109117369
1612224000,2021-02-02T00:00:00,29.309929044,4.373759961214286,11.85330025878759,256.930837999704,38.34037982000443,103.90603006853203
1612310400,2021-02-03T00:00:00,29.546562348000002,4.409071451357143,11.937661352371553,259.005165542568,38.649920342596715,104.64553941488903
1612396800,2021-02-04T00:00:00,29.990199792,4.475273034,12.105057842621552,262.894091376672,39.230243416044,106.11293704842053
1612483200,2021-02-05T00:00:00,30.492981276000002,4.550300357357143,12.29571063986654,267.30147386541597,39.88793293259271,107.78419946907009
1612569600,2021-02-06T00:00:00,31.304254644,4.671362232642857,12.611668579190477,274.413096209304,40.949161331347284,110.5538867651837
1612656000,2021-02-07T00:00:00,31.794521592,4.744522080428571,12.797897221310775,278.710776275472,41.59048055703686,112.18636704201026
1612742400,2021-02-08T00:00:00,33.206864124,4.9552782104999995,13.356920872697367,291.09137091098404,43.437968793242995,117.08676837006512
1612828800,2021-02-09T00:00:00,33.035174976,4.929657980571428,13.287861706015036,289.586343839616,43.21338185768915,116.4813957149278
1612915200,2021-02-10T00:00:00,32.952201888,4.917276361714286,13.254487131203005,288.859001750208,43.10484458678743,116.18883419212554
1613001600,2021-02-11T00:00:00,32.147271504,4.797161015142857,12.930716979135338,281.802982004064,42.051913458742284,113.35066503910035
1613088000,2021-02-12T00:00:00,31.47191514,4.696381288928571,12.659065868656015,275.88280811724,41.16847837874786,110.96937140463862
1613174400,2021-02-13T00:00:00,31.417971204,4.688331531214286,12.637367797979321,275.409935574264,41.09791420262444,110.77916611708672
1613260800,2021-02-14T00:00:00,31.174394903999996,4.651983975857143,12.539393193890975,273.274745728464,40.77929153236372,109.92032073764828
1613347200,2021-02-15T00:00:00,30.869931672000003,4.606550597571428,12.41692781193609,270.60582103675205,40.38102253831114,108.84678919943175
1613433600,2021-02-16T00:00:00,30.20017542,4.506606545357142,12.147529255404134,264.73473773172003,39.50491297660072,106.48524145287263
1613520000,2021-02-17T00:00:00,32.31857749542858,4.483889856214286,12.141396092890707,283.30465032492685,39.30577847957443,106.43147815027994
1613606400,2021-02-18T00:00:00,34.81631288057143,4.520233147928572,12.294059650953274,305.1997987110891,39.62436377474186,107.76972690025642
1613692800,2021-02-19T00:00:00,37.678776322285714,4.5711879437142855,12.492582919602574,330.29215324115654,40.07103351459943,109.50998187323617
1613779200,2021-02-20T00:00:00,39.838709687999994,4.530180226714285,12.441128607941726,349.226129125008,39.71155986737743,109.05893337721719
1613865600,2021-02-21T00:00:00,42.03501540514286,4.507041436928572,12.435816736868956,368.4789450414823,39.50872523611586,109.01236951539327
1613952000,2021-02-22T00:00:00,43.729263829714284,4.428893127,12.27898943251208,383.33072673127543,38.82367715128199,107.63762136540092
1614038400,2021-02-23T00:00:00,46.08207685714286,4.463948798571429,12.424874897959183,403.95548572971427,39.13097516827714,108.91645335551019
1614124800,2021-02-24T00:00:00,47.16773322857143,4.569115813285714,12.717594877551019,413.4723494816571,40.05286921926257,111.48243669661223
1614211200,2021-02-25T00:00:00,48.157658528571424,4.665009404785714,12.984503377551018,422.1500346614571,40.89347244235157,113.82215660761223
1614297600,2021-02-26T00:00:00,47.57909074285714,4.608963819428571,12.828507102040815,417.07830945188573,40.40217684111086,112.45469325648979
1614384000,2021-02-27T00:00:00,48.101936442857145,4.659611632928572,12.96947931632653,421.66157485808566,40.84615557425185,113.69045568691834
1614470400,2021-02-28T00:00:00,47.626626171428576,4.613568553714286,12.841323836734691,417.4950050187428,40.44254194185943,112.5670447528163
1614556800,2021-03-01T00:00:00,47.4840639,4.5997586145,12.802885499999999,416.24530414739996,40.321484014706996,112.23009429299998
1614643200,2021-03-02T00:00:00,48.244586742857145,4.673430099428572,13.007941387755098,422.91204738788565,40.96728825159086,114.02761420506121
1614729600,2021-03-03T00:00:00,47.911882757142855,4.641201223071429,12.918236112244896,419.99556424911435,40.684769921444136,113.24125775993876
1614816000,2021-03-04T00:00:00,46.58102280000001,4.512281454,12.55940314285714,408.32924586479993,39.554659225764,110.09572795028568
1614902400,2021-03-05T00:00:00,47.056333071428575,4.558324533214286,12.687558622448977,412.49581570414284,39.95827285815643,111.21913888438773
1614988800,2021-03-06T00:00:00,46.73238792857143,4.526944121785714,12.600214948979588,409.65611258185714,39.68319217157357,110.45348424275508
1615075200,2021-03-07T00:00:00,47.35721472857142,4.5874707957857135,12.768683806122445,415.13334431065715,40.21376899585757,111.93028224446937
1615161600,2021-03-08T00:00:00,48.451938042857144,4.693516120928571,13.063848459183673,424.72968888368575,41.14336231605986,114.51769559320405
1615248000,2021-03-09T00:00:00,48.22482432857142,4.671515723785714,13.00261294897959,422.73881006425717,40.95050683470557,113.98090511075507
1615334400,2021-03-10T00:00:00,47.99229685714285,4.648990898571428,12.939917755102039,420.70047424971426,40.753054216877146,113.43131904122447
1615420800,2021-03-11T00:00:00,48.10272869999999,4.659688378499999,12.969692928571428,421.6685197842,40.84682832593099,113.69232821185713
1615507200,2021-03-12T00:00:00,48.05972674285714,4.655522799428572,12.958098530612244,421.2915646278857,40.81031285979086,113.5906917193469
1615593600,2021-03-13T00:00:00,47.6319519,4.6140844545,12.842759785714284,417.5416903554,40.447064328147,112.57963228157142
1615680000,2021-03-14T00:00:00,48.14815144285715,4.664088457928572,12.981940030612245,422.0666955480857,40.885399422201864,113.79968630834693
1615766400,2021-03-15T00:00:00,47.81967282857142,4.632268891285714,12.89337402040816,419.18725201525706,40.606469101010575,113.02331666289795
1615852800,2021-03-16T00:00:00,48.242033914285706,4.673182808142857,13.007253081632651,422.8896692926285,40.96512049618029,114.02158051359184
1615939200,2021-03-17T00:00:00,47.6319519,4.6140844545,12.842759785714284,417.54169035539996,40.447064328147,112.57963228157142
1616025600,2021-03-18T00:00:00,48.57051252857143,4.705002374785715,13.095819091836733,425.76911282545717,41.244050817371566,114.79795015904081
1616112000,2021-03-19T00:00:00,48.50585554285714,4.698739083428571,13.078385959183672,425.20232968868567,41.18914680533486,114.64513131820408
1616198400,2021-03-20T00:00:00,49.16263671428571,4.762361162142858,13.255470510204079,430.9596734374286,41.74685794734428,116.19745449244897
1616284800,2021-03-21T00:00:00,49.258147714285705,4.771613267142858,13.281222653061223,431.7969228634285,41.82796189977429,116.42319777673468
1616371200,2021-03-22T00:00:00,49.53675814285714,4.798602126428571,13.356342959183673,434.2392218802857,42.06454624027286,117.08170238020406
1616457600,2021-03-23T00:00:00,50.24688462857142,4.867391740285714,13.547810734693874,440.46419065405706,42.66755599534457,118.7601089003265
1616544000,2021-03-24T00:00:00,51.13650137142857,4.953568489714286,13.787673551020404,448.26257102194285,43.42298138083543,120.86274634824487
1616630400,2021-03-25T00:00:00,51.37096547142857,4.976280915214287,13.850890908163262,450.31788332254285,43.622078502768424,121.41690970095915
1616716800,2021-03-26T00:00:00,50.90278551428571,4.930928546142858,13.724657938775508,446.21381781822856,43.22451963548828,120.31035149130608
1616803200,2021-03-27T00:00:00,51.14200315714286,4.954101445071429,13.789156969387752,448.31079967551426,43.42765326749615,120.87574999365303
1616889600,2021-03-28T00:00:00,51.28553374285713,4.968005184428572,13.827856387755102,449.5689887898857,43.549533446700856,121.2149890950612
1616976000,2021-03-29T00:00:00,51.28553374285714,4.968005184428571,13.8278563877551,449.5689887898857,43.549533446700856,121.2149890950612
1617062400,2021-03-30T00:00:00,50.56792482857143,4.898490751285714,13.634371163265303,443.27842904725713,42.94016992577057,119.51889761718364
1617148800,2021-03-31T00:00:00,50.80714247142857,4.921663650214286,13.69887019387755,445.3754109045428,43.14330355777843,120.08429611953059
1617235200,2021-04-01T00:00:00,50.376594728571426,4.879956695785714,13.582783806122448,441.60122939065707,42.77770039525757,119.06668284446937
1617321600,2021-04-02T00:00:00,50.949220585714286,4.935426689357143,13.737177989795915,446.62086765437135,43.26395035890471,120.420102258551
1617408000,2021-04-03T00:00:00,49.97421612857142,4.840978472785714,13.47429252040816,438.07397858305706,42.436017292439566,118.11564823389793
1617494400,2021-04-04T00:00:00,49.758590142857145,4.820090886428572,13.4161543877551,436.18380119228567,42.25291671043285,117.60600936306119
1617580800,2021-04-05T00:00:00,50.43192068571428,4.885316094857143,13.597701061224488,442.0862167309714,42.824680887517715,119.19744750269386
1617667200,2021-04-06T00:00:00,50.73693968571428,4.914863139857142,13.679941775510201,444.7600132849714,43.083690283987714,119.91836960412242
1617753600,2021-04-07T00:00:00,51.17382548571428,4.957184058857143,13.797737061224487,448.58975420777136,43.45467545994171,120.95096307869383
1617840000,2021-04-08T00:00:00,51.02047971428571,4.942329527142858,13.756391224489793,447.24552517542855,43.32446063493428,120.58852547387752
1617926400,2021-04-09T00:00:00,51.636327599999994,5.001986418,13.922439142857142,452.64404774159993,43.847412940188,122.04410152628569
1618012800,2021-04-10T00:00:00,52.95253079999999,5.129486394,14.277320285714284,464.18188499279995,44.965077729804,125.1549896245714
1618099200,2021-04-11T00:00:00,52.90187035714285,5.124578941071428,14.263660969387752,463.7377955507142,44.922058997432146,125.03525205765304
1618185600,2021-04-12T00:00:00,52.29438518571428,5.065732142357143,14.099867846938773,458.4125805379714,44.40620795990271,123.59944154626528
1618272000,2021-04-13T00:00:00,52.19315232857143,5.055925763785715,14.07257294897959,457.5251733122571,44.320245245345575,123.36017447075507
1618358400,2021-04-14T00:00:00,51.07945885714285,4.9480428085714285,13.772293469387751,447.7625363417142,43.37454325993714,120.72792455265304
1618444800,2021-04-15T00:00:00,53.038138585714286,5.1377791793571435,14.3004022755102,464.9323228423713,45.03777228624472,125.35732634712244
1618531200,2021-04-16T00:00:00,50.65771397142857,4.907188582714285,13.658580551020407,444.0655206735428,43.016415116073425,119.73111711024488
1618617600,2021-04-17T00:00:00,47.405058257142855,4.592105375571428,12.781583612244898,415.55274068211423,40.25439572225914,112.04336194493875
1618704000,2021-04-18T00:00:00,46.46258035714286,4.5008079910714285,12.527468112244895,407.2909794107142,39.45408284973214,109.81578547193875
1618790400,2021-04-19T00:00:00,44.17762272857142,4.279465235785714,11.911386663265304,387.2610408386571,37.51379225689757,104.41521549018366
1618876800,2021-04-20T00:00:00,43.5933771,4.2228696405,11.753859499999999,382.1395436585999,37.017675268623,103.03433237699998
1618963200,2021-04-21T00:00:00,41.97039432857142,4.0656520737857145,11.31626294897959,367.91247668425706,35.639506078805574,99.1983610107551
1619049600,2021-04-22T00:00:00,40.60639161428571,3.9335217816428574,10.948493867346938,355.9556288908285,34.48125193788128,95.97449724116325
1619136000,2021-04-23T00:00:00,42.257499514285705,4.093463816142857,11.393673653061224,370.4292407422285,35.883303812308284,99.87694324273468
1619222400,2021-04-24T00:00:00,45.04373584285714,4.363365199928571,12.14491231632653,394.85338839848566,38.24925934257386,106.46230136491836
1619308800,2021-04-25T00:00:00,45.920896542857136,4.4483353384285715,12.381416673469387,402.54257909468566,38.99410757666486,108.53549855963264
1619395200,2021-04-26T00:00:00,46.79801322857143,4.533301213285715,12.617909163265304,410.2313839616572,39.738918435662576,110.60859172518364
1619481600,2021-04-27T00:00:00,47.520375685714285,4.603276119857142,12.812676061224488,416.56361326097147,40.35231846666772,112.31591835269386
1619568000,2021-04-28T00:00:00,49.6358343,4.8081995865,13.383056357142854,435.1077234738,42.148677575259,117.31587202671426
1619654400,2021-04-29T00:00:00,48.55233462857142,4.703241490285714,13.090917877551018,425.6097653540572,41.22861490384457,114.75498611461221
1619740800,2021-04-30T00:00:00,49.068314099999995,4.7532241755,13.230038785714285,430.13284140060006,41.666763122433004,115.9745199955714
1619827200,2021-05-01T00:00:00,48.55057405714285,4.7030709445714285,13.090443183673468,425.5943321849143,41.227119900113145,114.7508249480816
1619913600,2021-05-02T00:00:00,49.617348299999996,4.8064088565,13.385777618401358,434.94567519779997,42.132980036079,117.33972660290631
1620000000,2021-05-03T00:00:00,51.71652162857142,5.009754775285714,13.959139320413394,453.3470285960571,43.91551036015456,122.36581528274381
1620086400,2021-05-04T00:00:00,52.55134058571428,5.090623289357143,14.191766225518052,460.6650515743713,44.62440375450471,124.40502273289124
1620172800,2021-05-05T00:00:00,52.30398029999999,5.066661616499999,14.131611044560438,458.4966913098,44.414355730238995,123.8777024166168
1620259200,2021-05-06T00:00:00,53.67471719999999,5.199444246,14.5082766053663,470.51257097519994,45.578328260436,127.17955272264098
1620345600,2021-05-07T00:00:00,53.948926199999995,5.226006741,14.589374257514388,472.9162870691999,45.811175091606,127.89045474137113
1620432000,2021-05-08T00:00:00,54.695804614285706,5.298356496642858,14.79787371595238,479.4634232488284,46.44539304957129,129.71816099403856
1620518400,2021-05-09T00:00:00,54.74091925714284,5.302726730571429,14.810079419706957,479.8588982081142,46.48370252018914,129.82515619315117
1620604800,2021-05-10T00:00:00,54.87621917142856,5.315833168714286,14.846684622967032,481.04493725674274,46.59859355694943,130.146037404929
1620691200,2021-05-11T00:00:00,54.470407457142855,5.2765223815714295,14.736892829194137,477.48759176931424,46.25399519685514,129.1836025407158
1620777600,2021-05-12T00:00:00,55.14677498571427,5.3420417813571435,14.919883121483513,483.4166295247713,46.828338255376714,130.7876954429245
1620864000,2021-05-13T00:00:00,55.71191841428571,5.396786955642858,15.072781888516483,488.37067681962844,47.30823445316529,132.1280060347355
1620950400,2021-05-14T00:00:00,55.299504557142846,5.3568366220714285,14.961203894194139,484.7554569479142,46.95802982907814,131.1499133365058
1621036800,2021-05-15T00:00:00,54.329341671428566,5.2628574062142865,14.698727677454212,476.2510090917427,46.134208022874425,128.84904682056361
1621123200,2021-05-16T00:00:00,53.17603534285714,5.151137172428571,14.386702257472527,466.1411258154857,45.154868453508854,126.11383198900418
1621209600,2021-05-17T00:00:00,51.69046517142857,5.007230698714286,13.984783317838827,453.11861769274276,43.89338430492943,122.59061056417515
1621296000,2021-05-18T00:00:00,49.41483857142857,4.786791835714287,13.369115712454212,433.17047491714277,41.96101723187143,117.1936683353736
1621382400,2021-05-19T00:00:00,48.50920062857143,4.6990631202857145,13.124096629084248,425.2316527100571,41.191987312424565,115.04583105055251
1621468800,2021-05-20T00:00:00,44.262837456,4.496318375142857,12.506344882061745,388.00803313929595,39.414726876502286,109.63061923615328
1621555200,2021-05-21T00:00:00,40.832673445714285,4.368912199285715,12.099927561276816,357.9392154251314,38.29788433893857,106.06796500215258
1621641600,2021-05-22T00:00:00,38.21879050457142,4.331754551785714,11.94280768815018,335.02591756307316,37.97216040095357,104.69065219432449
1621728000,2021-05-23T00:00:00,35.218399897714285,4.2627432285,11.695343671384089,308.72449350336336,37.36720714103101,102.52138262335293
1621814400,2021-05-24T00:00:00,33.069862500000006,4.289288668928572,11.711542750745679,289.890414675,37.59990447182786,102.66338375303664
1621900800,2021-05-25T00:00:00,31.96537762457143,4.411382345785714,11.995980009798531,280.2085002569931,38.67017764315757,105.15676076589395
1621987200,2021-05-26T00:00:00,29.455331951999998,4.395457639714286,11.895403098367343,258.205439891232,38.53058166973543,104.27510356028814
1622073600,2021-05-27T00:00:00,29.633192651999998,4.4219988164999995,11.967231340714282,259.764566787432,38.763241625439,104.90474993270139
1622160000,2021-05-28T00:00:00,29.953370484,4.469777198357143,12.09653371561224,262.571245662744,39.18206692079872,106.0382145510569
1622246400,2021-05-29T00:00:00,29.953370483999997,4.469777198357143,12.09653371561224,262.571245662744,39.18206692079871,106.0382145510569
1622332800,2021-05-30T00:00:00,30.030543456,4.481293297714286,12.127699672653057,263.247743935296,39.28301704776343,106.3114153304767
1622419200,2021-05-31T00:00:00,29.763338111999996,4.441419709714286,12.019789998367344,260.90542188979197,38.93348517535543,105.36547912568814
1622505600,2021-06-01T00:00:00,29.632764071999997,4.421934861857143,11.967058260612243,259.760809855152,38.762680999039716,104.9032327125269
1622592000,2021-06-02T00:00:00,30.255233664000002,4.514822585142857,12.19071272732627,265.217378298624,39.57693478136229,106.86378776774208
1622678400,2021-06-03T00:00:00,30.487552596,4.549490265214286,12.259980269298627,267.25388605653603,39.880831664868424,107.47098704067177
1622764800,2021-06-04T00:00:00,30.170431968,4.502168093142857,12.110031509449751,264.474006631488,39.46600550449029,106.15653621183652
1622851200,2021-06-05T00:00:00,29.960027760000003,4.470770627142858,12.003179695009038,262.62960334416,39.19077531753429,105.21987320644924
1622937600,2021-06-06T00:00:00,30.133716948,4.496689312071429,12.048268766175402,264.15216276616803,39.417978509618145,105.61512400429358
1623024000,2021-06-07T00:00:00,29.894540736000003,4.460998357714286,11.92946353874709,262.05554409177597,39.10511160372344,104.573677380657
1623110400,2021-06-08T00:00:00,30.103802064000003,4.492225278,11.989085242784807,263.889928893024,39.378846786947996,105.09632123825163
1623196800,2021-06-09T00:00:00,28.908006720000003,4.313783297142857,11.512849972513562,253.40758690752003,37.81462438275429,100.92164285905388
1623283200,2021-06-10T00:00:00,28.041075096000007,4.184415845571428,11.16758736688969,245.80806429153603,36.680589302279145,97.89507085815502
1623369600,2021-06-11T00:00:00,27.263802408000004,4.068427705285715,10.858032165406868,238.99449190852803,35.66383726453457,95.1815099619566
1623456000,2021-06-12T00:00:00,27.293688720000006,4.072887475714286,10.869934633453886,239.25647531952004,35.702931612111435,95.28584699685676
1623542400,2021-06-13T00:00:00,26.708077008000004,3.9854998517142852,10.636709982314644,234.123003052128,34.93689170012743,93.24139970497018
1623628800,2021-06-14T00:00:00,26.554102500000003,3.962523080357143,10.575388375904156,232.773262515,34.735477322410716,92.70385450317583
1623715200,2021-06-15T00:00:00,25.808544732,3.851267583642857,10.278463900551534,226.237703120712,33.760211638213285,90.10101455223476
1623801600,2021-06-16T00:00:00,25.524081900000002,3.808818755357143,10.165174252486436,223.7441019354,33.38810520946072,89.10791749729609
1623888000,2021-06-17T00:00:00,25.6769421,3.831629244642857,10.226052076627484,225.0840744486,33.588061958539285,89.64157250371652
1623974400,2021-06-18T00:00:00,26.048578104,3.8870864472857143,10.374059153001806,228.34183565966399,34.07419979690657,90.93900253521383
1624060800,2021-06-19T00:00:00,25.018528932,3.7333778586428576,9.963833650551535,219.31242461791203,32.726790308863286,87.34296578073476
1624147200,2021-06-20T00:00:00,24.092624700000005,3.5952102482142863,9.595084721745025,211.1959481202,31.51561303584643,84.11051267081689
1624233600,2021-06-21T00:00:00,23.243293427999998,3.468469200642857,9.25683160017179,203.750710189848,30.404601012835283,81.1453858071059
1624320000,2021-06-22T00:00:00,22.1108622084,3.29948270055,8.805831610386074,193.82381811883442,28.9232653530213,77.19191989664432
1624406400,2021-06-23T00:00:00,21.4880211804,3.2065395499071427,8.557780079834535,188.3639936673864,28.108525694486016,75.01750017982954
1624492800,2021-06-24T00:00:00,20.780264168400002,3.100924852692857,8.275910064545204,182.15979570019437,27.18270725870559,72.54662762580327
1624579200,2021-06-25T00:00:00,20.3839133844,3.041779598978571,8.118060125015369,178.68538472765042,26.66423996464616,71.16291505588472
1624665600,2021-06-26T00:00:00,19.9875597432,2.9826339189,7.960209047582276,175.2109487088912,26.1457689330774,69.77919251110623
1624752000,2021-06-27T00:00:00,18.6569359884,2.7840722337642854,7.4302772606121135,163.5467008743144,24.40517720117773,65.13381046652579
1624838400,2021-06-28T00:00:00,18.1756435056,2.7122515961999993,7.238598595215188,159.3276909700896,23.7755974922892,63.45355528565634
1624924800,2021-06-29T00:00:00,18.1473315108,2.708026752492857,7.227323111861662,159.07950802367282,23.738562512352384,63.35471439857933
1625011200,2021-06-30T00:00:00,17.779298436,2.6531071952142855,7.080750931491861,155.85333008997603,23.257137673248426,62.06986266545765
1625097600,2021-07-01T00:00:00,17.524493340000003,2.615084028214286,6.979272719213379,153.61970861844,22.923826591326424,61.18030465662449
1625184000,2021-07-02T00:00:00,16.9582763016,2.5305905649857143,6.753772155368894,148.65625005982562,22.183156892664766,59.20356671396373
1625270400,2021-07-03T00:00:00,17.2192758072,2.5695380897571427,6.857717341904157,150.9441717259152,22.524570894811117,60.11475021913184
1625356800,2021-07-04T00:00:00,17.9232527436,2.6745887070214285,7.138081911187159,157.1152335503976,23.445444605749845,62.57242603346664
1625443200,2021-07-05T00:00:00,18.1247024868,2.7046499473499996,7.218310918082276,158.88114199928881,23.7089614384701,63.27571350790924
1625529600,2021-07-06T00:00:00,18.4735437492,2.7567056157214287,7.357239802288425,161.93908450548722,24.165281427414044,64.49356410686033
1625616000,2021-07-07T00:00:00,18.491392677600004,2.759369113414286,7.36434828392224,162.09554821184162,24.18862964818963,64.55587705686237
1625702400,2021-07-08T00:00:00,18.6091550328,2.7769421438142854,7.411248104479202,163.1278530175248,24.342674832676032,64.96700088386469
1625788800,2021-07-09T00:00:00,18.7335832356,2.795509882092857,7.460802653330016,164.2185906432696,24.505439626425986,65.40139605909093
1625875200,2021-07-10T00:00:00,19.2373161672,2.870679184757143,7.661418410891498,168.6343135216752,25.16437373358111,67.15999378987487
1625961600,2021-07-11T00:00:00,19.44131739,2.9011211683928573,7.742663565393308,170.42258824074,25.431228162131788,67.87218881423773
1626048000,2021-07-12T00:00:00,19.318914942,2.8828557223928573,7.693915789950269,169.34960838157198,25.27111326249579,67.44486581470406
1626134400,2021-07-13T00:00:00,19.196501065200003,2.8645885709357146,7.64516346289421,168.2765283375432,25.11098341282247,67.01750291573066
1626220800,2021-07-14T00:00:00,20.155297383600004,3.0076644870214286,8.027011933971968,176.68133686463761,26.365186893229843,70.36478661319828
1626307200,2021-07-15T00:00:00,19.9308957528,2.9741782623857143,7.937642150229654,174.7142321690448,26.07164664807317,69.58137108891316
1626393600,2021-07-16T00:00:00,20.318483504400003,3.0320158568357143,8.09200214047649,178.11182639957042,26.578651001021875,70.9344907634169
1626480000,2021-07-17T00:00:00,19.943447432400003,2.976051280692857,7.94264095922875,174.82426019241842,26.088065526553585,69.62519064859923
1626566400,2021-07-18T00:00:00,20.1898380744,3.012818804871429,8.040768046421336,176.9841205601904,26.410369643502943,70.48537269492944
1626652800,2021-07-19T00:00:00,20.920746978000004,3.1218883318928574,8.331858491785711,183.39126800914798,27.366473117372784,73.03707153899354
1626739200,2021-07-20T00:00:00,20.5155074448,3.0614166588857143,8.170468535229654,179.8389382611168,26.836378431792173,71.62232717982315
1626825600,2021-07-21T00:00:00,19.8633201156,2.964094320664286,7.910729600346292,174.1218641333496,25.983250814943126,69.34545567663558
1626912000,2021-07-22T00:00:00,20.2232787432,3.0178089724714283,8.054086066117538,177.2772614628912,26.454113452684542,70.60211845558634
1626998400,2021-07-23T00:00:00,19.7849042616,2.9523927528428575,7.87949984551356,173.4344707571856,25.880674871420485,69.07169564577187
1627084800,2021-07-24T00:00:00,19.8661344576,2.9645142894857144,7.911850435052439,174.1465346553216,25.98693226163177,69.35528091366967
1627171200,2021-07-25T00:00:00,20.040903667200002,2.990594140114286,7.98145370135262,175.6785615466752,26.215548232241822,69.96542314605706
1627257600,2021-07-26T00:00:00,19.6524958992,2.932634179114286,7.826767132871607,172.27377905238723,25.70747121411583,68.6094406867525
1627344000,2021-07-27T00:00:00,20.5846431132,3.071733395507143,8.198002380290232,180.4449815303112,26.926814945015614,71.86368886562418
1627430400,2021-07-28T00:00:00,22.465494626399998,3.1065080930142863,8.32944906885262,196.93252589502237,27.231649943363227,73.01595053756206
1627516800,2021-07-29T00:00:00,24.280742446971427,3.1267945057285718,8.422966973413876,212.84498829015152,27.409480637216657,73.83572848894605
1627603200,2021-07-30T00:00:00,26.625024658285714,3.216628608,8.703573994132006,233.39496615453254,28.196966377727996,76.29552963256116
1627689600,2021-07-31T00:00:00,28.593555575999996,3.250746278142857,8.835426331059447,250.65110817921595,28.496041874200284,77.45134721806711
1627776000,2021-08-01T00:00:00,30.506911239428568,3.280536350785714,8.955115203245704,267.4235839248308,28.75718165098757,78.50053987165184
1627862400,2021-08-02T00:00:00,32.12962396799999,3.2852220942857144,9.004934024925857,281.6482837034879,28.798256878508568,78.93725166250007
1627948800,2021-08-03T00:00:00,34.188580585714284,3.311831489357143,9.120047996124999,299.69709741437134,29.031514835704712,79.94634073403174
1628035200,2021-08-04T00:00:00,33.805506651428566,3.2747233001142857,9.0178602888,296.3390713064228,28.70622444880183,79.0505632916208
1628121600,2021-08-05T00:00:00,34.09393226571428,3.302662951757143,9.094799880924999,298.8674102412514,28.951143435103116,79.72501575618854
1628208000,2021-08-06T00:00:00,34.17113332285714,3.310141381328571,9.115393814174999,299.5441547081656,29.01669934872626,79.90554217505803
1628294400,2021-08-07T00:00:00,34.50885493714285,3.3428563129714286,9.205483466299999,302.5046223789942,29.30347843950754,80.6952680655858
1628380800,2021-08-08T00:00:00,34.635704108571424,3.3551441316857145,9.239321388549998,303.6165822157371,29.41119345835697,80.9918912920293
1628467200,2021-08-09T00:00:00,34.921180765714276,3.3827981192571426,9.315474325299999,306.1190705922514,29.653608313408114,81.65944793557979
1628553600,2021-08-10T00:00:00,34.79433159428571,3.370510300542857,9.28163640305,305.0071107555085,29.545893294558685,81.36282470913628
1628640000,2021-08-11T00:00:00,35.143206428571425,3.4043056392857145,9.374701256249997,308.0653475528571,29.842143233978568,82.1786312122875
1628726400,2021-08-12T00:00:00,34.857729771428566,3.376651651714286,9.298548319499998,305.5628591763428,29.599728378927427,81.51107456873699
1628812800,2021-08-13T00:00:00,34.58748205714285,3.3504728845714284,9.226457811999998,303.1938677129142,29.370245306153144,80.87912917999199
1628899200,2021-08-14T00:00:00,34.87256258571428,3.3780884993571427,9.302505078625,305.6928836263714,29.612323785364712,81.54575951922673
1628985600,2021-08-15T00:00:00,36.05575461428571,3.492703746642857,9.618130000874999,316.0647449488285,30.617041043071286,84.31252758767025
1629072000,2021-08-16T00:00:00,36.71447241428571,3.556513425642857,9.793847677625,321.8390651836285,31.176396689185285,85.85286874206074
1629158400,2021-08-17T00:00:00,37.3352499,3.6166478445,9.959444504624997,327.28080062339995,31.703535004886998,87.30449052754274
1629244800,2021-08-18T00:00:00,37.26764395714285,3.6100988890714283,9.941410136624999,326.6881669283143,31.646126861600145,87.14640125765473
1629331200,2021-08-19T00:00:00,37.719846728571426,3.6539035557857145,10.062038454874997,330.65217642265713,32.03011857001757,88.20382909543423
1629417600,2021-08-20T00:00:00,38.39278114285714,3.719090391428572,10.241548515,336.55111949828563,32.60154637126285,89.77741428248999
1629504000,2021-08-21T00:00:00,38.59700742857142,3.738873694285714,10.296027335,338.34136711885714,32.77496680410857,90.25497561861
1629590400,2021-08-22T00:00:00,37.984372585714276,3.6795280493571427,10.132602616124998,332.97101008637134,32.254742880664715,88.82239453295173
1629676800,2021-08-23T00:00:00,39.209686285714284,3.798223602857143,10.459463795,343.71210998057137,33.295228102645716,91.68765962696999
1629763200,2021-08-24T00:00:00,38.59705144285714,3.7388779579285716,10.296039076124998,338.3417529480857,32.77500417920186,90.25507854131173
1629849600,2021-08-25T00:00:00,39.77681035714285,3.8531606410714287,10.610748190625,348.68351959071424,33.77680617963214,93.01381863901874
1629936000,2021-08-26T00:00:00,40.16224345714285,3.8904973615714282,10.713565222249999,352.06222614531424,34.10409987153514,93.91511273824348
1630022400,2021-08-27T00:00:00,40.34345027142857,3.908050779214286,10.761903433874997,353.65068507934274,34.257973130592426,94.33884550134825
1630108800,2021-08-28T00:00:00,39.99155605714285,3.8739629545714287,10.668033139499997,350.56598039691426,33.95915925977314,93.51597850085697
1630195200,2021-08-29T00:00:00,40.42201577142857,3.915661381714286,10.782861342,354.33939025234275,34.32468767210742,94.52256252397198
1630281600,2021-08-30T00:00:00,38.919896228571425,3.7701517782857144,10.382160228,341.1718103396571,33.04915048845257,91.01001655864799
1630368000,2021-08-31T00:00:00,39.22821629999999,3.8000185964999997,10.464406808624998,343.87454408579987,33.310963016919,91.73099008440674
1630454400,2021-09-01T00:00:00,38.73371579999999,3.7521165689999996,10.33249526925,339.5397527027999,32.891053843854,90.57465353024547
1630540800,2021-09-02T00:00:00,38.84934132857143,3.763317158785714,10.363339204624998,340.5533260862571,32.98923821391558,90.84503146774274
1630627200,2021-09-03T00:00:00,38.92641034285714,3.7707827974285713,10.383897914499999,341.22891306548564,33.05468200225886,91.02524911850698
1630713600,2021-09-04T00:00:00,39.46598147142856,3.823050795214286,10.527832365874998,345.9587935785427,33.51286327084843,92.28697851926026
1630800000,2021-09-05T00:00:00,39.77430154285714,3.852917613428571,10.610078946499998,348.66152732468566,33.77467579931486,93.00795204501898
1630886400,2021-09-06T00:00:00,41.200320385714285,3.9910553783571427,10.990479655375,361.1620085011714,34.98559144667872,96.34254465901724
1630972800,2021-09-07T00:00:00,41.552434671428564,4.025164521214285,11.084408655374999,364.24864232974284,35.28459219296443,97.16592627301723
1631059200,2021-09-08T00:00:00,41.993721900000004,4.0679118045000004,11.202125174625,368.1169661754,35.659314878247,98.19782928076275
1631145600,2021-09-09T00:00:00,41.77105362857143,4.046342035285714,11.14272682325,366.1650561080572,35.470234281314575,97.67714333260949
1631232000,2021-09-10T00:00:00,41.546624785714286,4.0246017203571425,11.082858826874999,364.19771287157135,35.27965868065072,97.15234047638626
1631318400,2021-09-11T00:00:00,41.53597332857142,4.023569918785714,11.080017474624999,364.10434219825714,35.27061390807557,97.12743318256274
1631404800,2021-09-12T00:00:00,41.1381282,3.985030851,10.97388944575,360.61683180119996,34.932780439866,96.19711488144449
1631491200,2021-09-13T00:00:00,40.91545992857142,3.963461081785714,10.914491094374998,358.6649217338571,34.74369984293357,95.67642893329125
1631577600,2021-09-14T00:00:00,41.78245332857142,4.047446318785714,11.145767774624998,366.26498587825705,35.479914430475574,97.70380031236274
1631664000,2021-09-15T00:00:00,41.78245332857142,4.047446318785714,11.145767774624998,366.26498587825705,35.479914430475574,97.70380031236274
1631750400,2021-09-16T00:00:00,41.74213624285714,4.043540821928572,11.135012904124997,365.91156630488564,35.44567884502586,97.60952311755975
1631836800,2021-09-17T00:00:00,42.18536009999999,4.0864757055,11.253246032874998,369.79686663659993,35.822046034413,98.64595472418225
1631923200,2021-09-18T00:00:00,42.46735962857143,4.113792865285714,11.328471420749997,372.2688745040571,36.06150825709458,99.3053804742945
1632009600,2021-09-19T00:00:00,42.991173642857134,4.164534478928571,11.468202549374997,376.8606281532857,36.50630924228786,100.53026354782124
1632096000,2021-09-20T00:00:00,43.19262702857143,4.1840491722857145,11.521941678499998,378.6265685324571,36.67737504425658,101.001340753731
1632182400,2021-09-21T00:00:00,41.44451164285714,4.014710068928571,11.055619416875,363.3025890612857,35.19294846422786,96.91355980832624
1632268800,2021-09-22T00:00:00,41.29297045714286,4.000030346571429,11.015194723499999,361.9741790273143,35.064266018045146,96.559196946201
1632355200,2021-09-23T00:00:00,42.67171795714285,4.133588959071429,11.382985464125,374.0602796123143,36.235040815220145,99.78325057851976
1632441600,2021-09-24T00:00:00,42.900636257142864,4.155764165571429,11.444051055249998,376.06697743011426,36.429428675399144,100.31855155032149
1632528000,2021-09-25T00:00:00,42.64095197142857,4.130608672714286,11.374778417749999,373.79058498154285,36.20891562501343,99.7113076099965
1632614400,2021-09-26T00:00:00,41.97197884285714,4.065805564928572,11.196325058875,367.92636653648566,35.640851582163855,98.14698546609826
1632700800,2021-09-27T00:00:00,39.54649893085714,4.049816904214286,11.099293109346744,346.6646096278937,35.50069498234243,97.29640339653356
1632787200,2021-09-28T00:00:00,38.62698104228571,4.175470722857143,11.393339243447556,338.6041158166766,36.602176356565714,99.8740118080613
1632873600,2021-09-29T00:00:00,36.564861096,4.159362680142857,11.304527545170206,320.527572367536,36.460973254132284,99.09548846096202
1632960000,2021-09-30T00:00:00,34.32053077542857,4.183524744214286,11.312590552843352,300.85377277740685,36.672777907782425,99.16616878622483
1633046400,2021-10-01T00:00:00,31.946331925714286,4.151312922428572,11.176013024340639,280.04154566081144,36.39040907800886,97.96893017137005
1633132800,2021-10-02T00:00:00,31.033587807428574,4.328480074071429,11.599605011567132,272.04043071991885,37.943456329310145,101.68213753139746
1633219200,2021-10-03T00:00:00,29.30330034,4.372770796071429,11.670278887839057,256.87273078044,38.331708798362136,102.30166473079717
1633305600,2021-10-04T00:00:00,29.339186772,4.3781259315,11.684570952721517,257.187311243352,38.378651915529,102.42694897155681
1633392000,2021-10-05T00:00:00,29.871568848,4.457570388857143,11.896596466220611,261.85417252156805,39.07506202872172,104.28556462288988
1633478400,2021-10-06T00:00:00,30.065144148,4.486456569214286,11.973689411745024,263.551053601368,39.32827828573243,104.96136138335689
1633564800,2021-10-07T00:00:00,31.58812434,4.3924176623571425,11.773201106446878,276.90149796444,38.503933228222714,103.20388089911333
1633651200,2021-10-08T00:00:00,33.03357774685714,4.334662356214286,11.662029156324591,289.5723425289497,37.99765021457443,102.22934758434135
1633737600,2021-10-09T00:00:00,34.489590193714285,4.210121348357143,11.383357874973099,302.3357476380994,36.905923739698714,99.78651513201419
1633824000,2021-10-10T00:00:00,37.362664575428575,4.2765318495,11.617530568201172,327.52111766820684,37.488078192717005,101.83927296085149
1633910400,2021-10-11T00:00:00,39.49913189828571,4.262645164714287,11.632747242971968,346.2493902203725,37.36634751388543,101.97266233189228
1633996800,2021-10-12T00:00:00,40.697759096571424,4.136155672071429,11.34314671699706,356.75655624054514,36.25754062137815,99.43402412119623
1634083200,2021-10-13T00:00:00,44.352183385714284,4.296374843357143,11.831261616625,388.79123955917146,37.662021876868714,103.71283933133475
1634169600,2021-10-14T00:00:00,44.178106885714286,4.279512135857144,11.784825467249998,387.2652849601714,37.51420338292372,103.30578004591348
1634256000,2021-10-15T00:00:00,45.09210754285714,4.368050943428572,12.028641668999999,395.27741472068567,38.290334570094856,105.44307287045399
1634342400,2021-10-16T00:00:00,44.352183385714284,4.296374843357143,11.831261616625,388.79123955917146,37.662021876868714,103.71283933133475
1634428800,2021-10-17T00:00:00,44.39571351428571,4.300591586142857,11.84287358925,389.17282466622856,37.69898584412829,103.81462988336548
1634515200,2021-10-18T00:00:00,44.492721,4.309988655,11.86875102875,390.023192286,37.781360549729996,104.0414715180225
1634601600,2021-10-19T00:00:00,45.470982514285716,4.404752381142857,12.129709273,398.5986327202286,38.61205937309828,106.32903148711799
1634688000,2021-10-20T00:00:00,44.66222001428571,4.326407943642857,11.913966101124998,391.5090206452286,37.92529203397328,104.43782684246175
1634774400,2021-10-21T00:00:00,45.20231931428571,4.378727105142857,12.058041445999999,396.24353110902854,38.38392180368229,105.700791315636
1634860800,2021-10-22T00:00:00,46.00773672857143,4.456747505785715,12.272892292375,403.3038201626572,39.06784863571757,107.58417383495926
1634947200,2021-10-23T00:00:00,46.59013375714286,4.5131640280714285,12.428250858374996,408.40911251511426,39.562395870074134,108.94604702451524
1635033600,2021-10-24T00:00:00,46.34889145714286,4.489795001571428,12.363897752249997,406.2943825133143,39.35754298377514,108.38192769622349
1635120000,2021-10-25T00:00:00,47.89418901428571,4.6394872386428565,12.776116909874998,419.84046089922856,40.66974513394329,111.99544083196425
1635206400,2021-10-26T00:00:00,47.67451371428571,4.618207397142856,12.717516954999997,417.91478721942855,40.483206043354286,111.48175362752998
1635292800,2021-10-27T00:00:00,48.02605581428571,4.652261112642857,12.811293320374999,420.9964052680285,40.781720913427286,112.30379724640724
1635379200,2021-10-28T00:00:00,48.24577512857143,4.673545217785715,12.869905016374998,422.9224647770571,40.96829737910957,112.81758737354325
1635465600,2021-10-29T00:00:00,48.816992528571426,4.728878774785714,13.022281336625,427.9297565054571,41.45335133977157,114.15331819685473
1635552000,2021-10-30T00:00:00,49.256387142857136,4.7714427214285715,13.139492987499997,431.78148969428565,41.82646689604286,115.18079552842498
1635638400,2021-10-31T00:00:00,48.72055722857142,4.719537133285714,12.996556531749999,427.08440466565713,41.37146251038257,113.92781455732049
1635724800,2021-11-01T00:00:00,47.737234071428574,4.624283088214286,12.734248058124999,418.46459387014283,40.53646555128643,111.62841847752372
1635811200,2021-11-02T00:00:00,48.63384908571428,4.711137756857143,12.973426515499998,426.3243210853714,41.29783357660971,113.725056834873
1635897600,2021-11-03T00:00:00,49.36505841428571,4.781969655642857,13.168481825125,432.7341020596285,41.918746001365285,115.43491167904573
1635984000,2021-11-04T00:00:00,49.41901992857142,4.787196881785714,13.182876444375,433.20712869385716,41.96456786573357,115.56109491139124
1636070400,2021-11-05T00:00:00,49.25075331428571,4.770896975142857,13.1379901235,431.73210355302854,41.82168288410229,115.16762142260099
1636156800,2021-11-06T00:00:00,49.738167514285706,4.818112556142857,13.268011341749999,436.00477643022856,42.235574667148285,116.30738742178049
1636243200,2021-11-07T00:00:00,50.801860757142855,4.921152013071429,13.551759109625,445.32911139711433,43.13881854658415,118.79472035497272
1636329600,2021-11-08T00:00:00,50.1857928,4.861473804,13.387418582999999,439.9286596848,42.615679365864004,117.35411129857799
1636416000,2021-11-09T00:00:00,49.90146051428571,4.833930671142857,13.311570915499999,437.4362028682285,42.37423626323829,116.68923064527299
1636502400,2021-11-10T00:00:00,49.33279594285714,4.778844405428571,13.1598755805,432.4512892350857,41.891350057986855,115.35946933866299
1636588800,2021-11-11T00:00:00,50.04362665714285,4.847702237571428,13.349494749249999,438.68243127651425,42.49495781455114,117.02167097192547
1636675200,2021-11-12T00:00:00,49.4275587,4.7880240285,13.185154222624998,433.28197956419996,41.971818633831,115.58106191553074
1636761600,2021-11-13T00:00:00,49.380155314285716,4.783432085142857,13.172509030999999,432.8664414850286,41.93156565836228,115.47021416574599
1636848000,2021-11-14T00:00:00,49.84723491428571,4.8286778631428575,13.297105849499998,436.96086125862854,42.328190148310284,116.56242987671699
1636934400,2021-11-15T00:00:00,50.940769842857144,4.934608069928571,13.588814100124997,446.5467884424857,43.25677434099385,119.11954440169573
1637020800,2021-11-16T00:00:00,51.17906318571428,4.9576914323571435,13.652380550874998,448.63566788597143,43.45912309604272,119.67676790897023
1637107200,2021-11-17T00:00:00,51.50991857142857,4.989741235714286,13.740638587499998,451.53594619714283,43.74007167227143,120.45043785802498
1637193600,2021-11-18T00:00:00,51.166211014285714,4.956446448642858,13.648952142374997,448.52300575122854,43.448209568803286,119.64671448005923
1637280000,2021-11-19T00:00:00,51.23346484285714,4.962961294928571,13.666892581374999,449.1125528124857,43.50531871134386,119.80398036833323
1637366400,2021-11-20T00:00:00,51.17629028571429,4.957422822857143,13.651640859999999,448.6113606445714,43.45676846516572,119.67028377876
1637452800,2021-11-21T00:00:00,50.007094800000004,4.8441634140000005,13.339749615499999,438.3621930168,42.463936487124,116.93624512947297
1637539200,2021-11-22T00:00:00,49.510965771428566,4.796103631714287,13.207403654499998,434.0131259523428,42.04264443560743,115.77610043534699
1637625600,2021-11-23T00:00:00,48.61795992857143,4.709598581785714,12.969187969374998,426.1850367338571,41.28434116793357,113.68790173954123
1637712000,2021-11-24T00:00:00,49.01483674285714,4.748043849428571,13.0750576935,429.6640588878857,41.62135238409086,114.61595574122099
1637798400,2021-11-25T00:00:00,48.32029131428571,4.680763565142857,12.889782741,423.5756736610286,41.031573412042285,112.99183550760598
1637884800,2021-11-26T00:00:00,48.0722268,4.656733674,12.823609760499997,421.40114012879997,40.820927386284,112.41176316054298
1637971200,2021-11-27T00:00:00,47.973018599999996,4.647123422999999,12.797145264749998,420.5314810475999,40.736683926017996,112.17977539079848
1638057600,2021-11-28T00:00:00,48.25290544285714,4.674235927928571,12.871807078624999,422.9849691120857,40.97435214422186,112.83426085122674
1638144000,2021-11-29T00:00:00,48.24625928571429,4.673592117857142,12.87003416875,422.92670889857135,40.968708505135716,112.81871952326249
1638230400,2021-11-30T00:00:00,48.24625928571429,4.673592117857142,12.87003416875,422.92670889857146,40.968708505135716,112.81871952326249
1638316800,2021-12-01T00:00:00,47.15259231428571,4.567649120142857,12.578290694749997,413.33962422702854,40.04001218717229,110.26129623017849
1638403200,2021-12-02T00:00:00,48.2780376,4.676670468,12.878511261,423.20527760159996,40.995693322488,112.893029713926
1638489600,2021-12-03T00:00:00,49.93957688571428,4.837622985857143,13.321738729749999,437.7703309801714,42.40660309402371,116.77836170498848
1638576000,2021-12-04T00:00:00,50.42008084285714,4.884169174928571,13.449916591374999,441.9824286684856,42.814626987423864,117.90196883999324
1638662400,2021-12-05T00:00:00,51.704021571428555,5.008543900714286,13.792416948749999,453.23745309514277,43.90489583366143,120.9043269727425
1638748800,2021-12-06T00:00:00,53.121237557142855,5.145828937071428,14.170469432624998,465.6607684259142,45.10833646236814,124.21833504639073
1638835200,2021-12-07T00:00:00,54.09861878571428,5.240507390357144,14.431192854374999,474.2284922755713,45.93828778387071,126.50383656145122
1638921600,2021-12-08T00:00:00,52.73306604685713,5.387257713857143,14.767768806816003,462.2580569667497,47.224701119671714,129.45426136054905
1639008000,2021-12-09T00:00:00,50.329284636,5.425131653357143,14.80653336644846,441.18650911917587,47.55670407332872,129.7940714902872
1639094400,2021-12-10T00:00:00,47.06813944114286,5.368327139571429,14.587388686854426,412.5993103410582,47.058755705483144,127.87304922896591
1639180800,2021-12-11T00:00:00,44.53986982628572,5.387624387142857,14.57657480166772,390.43649889722053,47.22791537769428,127.77825471141921
1639267200,2021-12-12T00:00:00,41.23863358971429,5.319721611,14.328614345586345,361.4978620474354,46.632679642026005,125.6046333534099
1639353600,2021-12-13T00:00:00,37.678517725714286,5.2285393448571424,14.016112111879744,330.28988638361136,45.83337589701772,122.86523877273784
1639440000,2021-12-14T00:00:00,35.238647616,5.258470117714286,14.034079456491858,308.90198500185596,46.09574905188343,123.02274051560765
1639526400,2021-12-15T00:00:00,34.754523648,5.1862269531428575,13.841273128969254,304.658154298368,45.46246547125029,121.33260024854451
1639612800,2021-12-16T00:00:00,33.53552784,5.004322894285715,13.355798084267628,293.97243704544,43.86789449130857,117.07692600669004
1639699200,2021-12-17T00:00:00,33.706988412,5.029909015071429,13.424083658598551,295.47546041959197,44.092182426116146,117.6755173512749
1639785600,2021-12-18T00:00:00,33.0592326,4.933247967857143,13.166109611663648,289.7972329716,43.24485168623572,115.41411685584356
1639872000,2021-12-19T00:00:00,33.368495928,4.979397638142857,13.289276259981913,292.508235304848,43.64939969596029,116.49379569500145
1639958400,2021-12-20T00:00:00,33.471612276,4.994785125214285,13.330343188453885,293.41215321141595,43.78428640762843,116.85378838998676
1640044800,2021-12-21T00:00:00,33.918335496000005,5.061447181285715,13.508254362368893,297.328128957936,44.36864599115057,118.41335774052573
1640131200,2021-12-22T00:00:00,34.158911736,5.097347054142857,13.60406581643761,299.43702027777596,44.68334427661629,119.25324094689208
1640217600,2021-12-23T00:00:00,35.43042288,5.287087688571428,14.110455522965639,310.58308696608,46.34661067801715,123.69225311431678
1640304000,2021-12-24T00:00:00,35.499167112,5.297346013285714,14.137833475280285,311.185698903792,46.436535152462575,123.93224824430698
1640390400,2021-12-25T00:00:00,36.162494664,5.396330745857143,14.402009094954789,317.000428224624,47.304235318183714,126.24801172637368
1640476800,2021-12-26T00:00:00,35.661684648,5.3215976138571435,14.202557412423143,312.610327624368,46.64912468307171,124.49961827730125
1640563200,2021-12-27T00:00:00,35.815316292,5.344523221499999,14.263742470443033,313.957062615672,46.850090559669,125.03596649590362
1640649600,2021-12-28T00:00:00,34.902126599999995,5.208252932142857,13.900057211121153,305.9520417756,45.65554520316429,121.84790151268803
1640736000,2021-12-29T00:00:00,34.814896284,5.195236030499999,13.865317024746831,305.187380825544,45.54143904336299,121.54336903893075
1640822400,2021-12-30T00:00:00,33.693873864,5.027952003,13.418860682658224,295.360498291824,44.075027258298,117.629732744182
1640908800,2021-12-31T00:00:00,33.641444244,5.020128218357143,13.39798015792947,294.90090024290396,44.0064439621187,117.44669406440975
1640995200,2022-01-01T00:00:00,34.50897588,5.149585206428571,13.743481723236885,302.50568256408,45.141263919552856,120.47536078589454
1641081600,2022-01-02T00:00:00,35.336363856,5.273051776285714,14.072995747811932,309.758565561696,46.22357187092057,123.3638807253194
1641168000,2022-01-03T00:00:00,35.060586912,5.231899095428571,13.96316532564195,307.341104870592,45.86282747052685,122.40110724457733
1641254400,2022-01-04T00:00:00,35.508767304,5.298778597285714,14.141656830216993,311.269854186864,46.44909318380657,123.96576377368218
1641340800,2022-01-05T00:00:00,35.68114218,5.324501154642857,14.210306533589508,312.78089234988005,46.674577121599285,124.56754707344564
1641427200,2022-01-06T00:00:00,36.611932224,5.463397848,14.581001276962022,320.940197875584,47.892145535568,127.81705719384908
1641513600,2022-01-07T00:00:00,36.301668876,5.417098950214286,14.457436362504518,318.22042936701604,47.48628939757843,126.73388715371459
1641600000,2022-01-08T00:00:00,35.351249868000004,5.275273134214286,14.078924223770342,309.889056342888,46.24304429452243,123.41584974557078
1641686400,2022-01-09T00:00:00,34.785124259999996,5.190793314642856,13.853460072830014,304.92639926315996,45.50249419615928,121.43943099842788
1641772800,2022-01-10T00:00:00,34.874154612,5.2040788257857145,13.88891713825497,305.70683932879194,45.61895498683758,121.75024763394303
1641859200,2022-01-11T00:00:00,35.2757055,5.264000062500001,14.048838061708858,309.22683441299995,46.144224547875005,123.15211444893984
1641945600,2022-01-12T00:00:00,34.91612688,5.210342117142857,13.905632937070521,306.07476823007994,45.67385899887429,121.89677832636018
1642032000,2022-01-13T00:00:00,36.079092996,5.383885172357142,14.36879369894213,316.26932920293604,47.195137420882716,125.95684556492672
1642118400,2022-01-14T00:00:00,36.75659226,5.484984671785715,14.6386133187613,322.20828775115996,48.08137563287357,128.32208435226153
1642204800,2022-01-15T00:00:00,37.523636171999996,5.599446427928571,14.944094826591316,328.932194683752,49.08474738722185,130.9999352498995
1642291200,2022-01-16T00:00:00,38.700573996,5.775074404499999,15.412819935379744,339.249231648936,50.624302229847,135.10877955353882
1642377600,2022-01-17T00:00:00,39.358272864,5.873219199428571,15.67475388564195,345.014619925824,51.48463950219086,137.40489256153734
1642464000,2022-01-18T00:00:00,38.596714776,5.759576062714285,15.37145715206148,338.338801726416,50.48844376575344,134.74619339497093
1642550400,2022-01-19T00:00:00,39.773652600000005,5.935204039285715,15.840182260849906,348.6558386916,52.027998608378574,138.85503769861026
1642636800,2022-01-20T00:00:00,39.42750282000001,5.883550006071429,15.702325281509944,345.62148972012,51.575199353222146,137.64658341771616
1642723200,2022-01-21T00:00:00,38.952436176,5.812658416285714,15.513126107305604,341.45705551881605,50.95376367716057,135.9880634566409
